Results from Hellinger3 using anom26y.iotj.chang.points
===== Rotation from side 2 to 3
 Fitted rotation--alat,along,rho: 
     7.0068845482217   -42.620241168134   10.5670488370802
 conf. level, conf. interval for kappa: 
    0.950000    1.2729554830202    2.5882715428622
 kappahat, degrees of freedom,xchi
     1.8735057992242    62.0000    4.40826
 Number of points, sections
   90  11
 ahat: 
    0.99208741036095   -3.0695526662529D-02  -0.12173887976412
     1.4046484754201D-02   0.99070119687887  -0.13532861770082
    0.12476083708185   0.13254781456393   0.98329334910034
 covariance matrix
     1.7935540885703D-06    1.8470002683204D-06   -1.9176965742623D-06
     1.8470002683204D-06    2.0261830014810D-06   -1.9932168793899D-06
    -1.9176965742623D-06   -1.9932168793899D-06    2.3774815451672D-06
 H11.2 matrix: 
     11691470.363399   -7876813.9309790    2826728.2219707
    -7876813.9309790    8122714.8122718    456362.39783055
     2826728.2219707    456362.39783055    3083277.8815968
