Results from Hellinger3 using anom26y.iotj.chang.points
===== Rotation from side 1 to 2
 Fitted rotation--alat,along,rho: 
    -11.339605843481   -160.68017298757    39.827127835681
 conf. level, conf. interval for kappa: 
    0.950000    1.2729554830202    2.5882715428622
 kappahat, degrees of freedom,xchi
     1.8735057992242    62.0000    4.40826
 Number of points, sections
   90  11
 ahat: 
    0.96661584083200   0.19557073757512  -0.16554728284381
    -5.6294076319270D-02   0.79239441797519   0.60740601193363
    0.24996958459782  -0.57780894157678   0.77695047062854
 covariance matrix
     2.2273438026259D-06    1.0299923851454D-05   -1.9474708653021D-06
     1.0299923851454D-05    4.9617975761928D-05   -9.3649952676518D-06
    -1.9474708653021D-06   -9.3649952676518D-06    1.9604400334432D-06
 H11.2 matrix: 
     11213582.740495   -2289986.9889112    200163.41328316
    -2289986.9889112    672504.92565541    937709.12246745
     200163.41328316    937709.12246745    5188352.4803079
