Results from Hellinger3 using anom26y.iotj.chang.points
===== Rotation from side 1 to 3
 Fitted rotation--alat,along,rho: 
    -15.634477489168   -145.70271980297    35.901216412075
 conf. level, conf. interval for kappa: 
    0.950000    1.2729554830202    2.5882715428622
 kappahat, degrees of freedom,xchi
     1.8735057992242    62.0000    4.40826
 Number of points, sections
   90  11
 ahat: 
    0.93026436546145   0.24004211586434  -0.27746710248962
    -7.6021092466146D-02   0.86596726503064   0.49428887241734
    0.35892757466217  -0.43872597199930   0.82382675220000
 covariance matrix
     3.8567666019442D-06    1.5330613723993D-05   -2.7228147360232D-06
     1.5330613723993D-05    6.2783198893387D-05   -1.1123550677409D-05
    -2.7228147360232D-06   -1.1123550677409D-05    2.1554430500541D-06
 H11.2 matrix: 
     8845834.5444597   -2103741.5183841    317564.99349194
    -2103741.5183841    686256.39060871    884045.31566920
     317564.99349194    884045.31566920    5427373.0468565
