Results from Hellinger1 using C21.hell 
# Whittaker et al. 2013 Gcubed C21y.hell 
 Fitted rotation--alat,along,rho: 
  17.7609188  50.9131166  25.9979144
 conf. level, conf. interval for kappa: 
  0.949999988  0.259490654  0.75367576
 kappahat, degrees of freedom,xchi
  0.4746411  28.  18.624712
 Number of points, sections, misfit, reduced misfit
 41 5  58.9919415  1.45150097
 ahat: 
  0.935292718 -0.0888003189  0.342552237
  0.178626263  0.95410126 -0.240381869
 -0.305483535  0.286016238  0.90822603
 covariance matrix
  0.00178797005 -0.00275904523 -0.000360738564
 -0.00275904523  0.00427307175  0.000544079795
 -0.000360738564  0.000544079795  0.000104718337
 H11.2 matrix: 
  250492.337  153246.767  66691.0553
  153246.767  94445.1086  37207.8413
  66691.0553  37207.8413  45970.9445
