Results from Hellinger1 using C31.hell 
# Whittaker et al. 2007 Science C31.hell
 Fitted rotation--alat,along,rho: 
   3.97327062064700        39.1055457387195        25.5143042901895     
 conf. level, conf. interval for kappa: 
  0.9500000      0.665953364295468        1.86328573848760     
 kappahat, degrees of freedom,xchi
   1.18985658433508        30.00000       7.367971    
 Number of points, sections, misfit, reduced misfit
          45           6   25.2131226527310       0.916753741065560     
 ahat: 
  0.960919158369203       1.765722029421327E-002  0.276265440564872     
  7.734960883374818E-002  0.941090390223398      -0.329189786358019     
 -0.265803327842763       0.337693796212861       0.902946006639964     
 covariance matrix
  3.682340328861455E-006 -5.405782645217109E-006  1.274959149710016E-005
 -5.405782645217109E-006  8.260159024644434E-006 -1.940771146398652E-005
  1.274959149710016E-005 -1.940771146398652E-005  5.366849548624823E-005
 H11.2 matrix: 
   6930636.18040896        4438015.51398523       -41571.0469783393     
   4438015.51398523        3647088.25328851        264563.996321670     
  -41571.0469783393        264563.996321670        124180.778892124     
