Results from Hellinger3 using anom24o.iotj.chang.points
===== Rotation from side 1 to 2
 Fitted rotation--alat,along,rho: 
    -14.181986365545   -159.86924171410    33.909463902901
 conf. level, conf. interval for kappa: 
    0.950000   0.48771501676576   0.84897709037241
 kappahat, degrees of freedom,xchi
    0.65605897753932   101.0000    12.3218
 Number of points, sections
   141  17
 ahat: 
    0.97085427613412   0.18834295401459  -0.14821911545126
    -8.5022205663801D-02   0.84885661298787   0.52174100388106
    0.22408301822351  -0.49393256853523   0.84012940591556
 covariance matrix
     9.3399117460349D-07    3.9529798874859D-06   -9.4415592533520D-07
     3.9529798874859D-06    1.7788476559874D-05   -4.1632585216508D-06
    -9.4415592533520D-07   -4.1632585216508D-06    1.1562390371577D-06
 H11.2 matrix: 
     18666684.591586   -3691921.5736677    1949282.8370603
    -3691921.5736677    1087607.5518055    901406.84159633
     1949282.8370603    901406.84159633    5702295.4974110
