Results from Hellinger3 using anom24o.iotj.chang.points
===== Rotation from side 2 to 3
 Fitted rotation--alat,along,rho: 
     9.0287223506281   -39.807327844528    9.9673538632093
 conf. level, conf. interval for kappa: 
    0.950000   0.48771501676576   0.84897709037241
 kappahat, degrees of freedom,xchi
    0.65605897753932   101.0000    12.3218
 Number of points, sections
   141  17
 ahat: 
    0.99359434268396   -3.4402763898855D-02  -0.10764168348066
     1.9922181432100D-02   0.99094048704894  -0.13281587937512
    0.11123573559526   0.12982064921776   0.98527823997248
 covariance matrix
     4.2067711501396D-07    2.9988349173828D-07   -5.3894876192607D-07
     2.9988349173828D-07    3.1123179766845D-07   -4.1951636518983D-07
    -5.3894876192607D-07   -4.1951636518983D-07    9.0038369513760D-07
 H11.2 matrix: 
     12898488.954119   -5433956.8424660    5188888.7533396
    -5433956.8424660    10927346.855216    1838745.5594796
     5188888.7533396    1838745.5594796    5073313.7968566
