Results from Hellinger3 using anom24o.iotj.chang.points
===== Rotation from side 1 to 3
 Fitted rotation--alat,along,rho: 
    -17.833981080173   -142.89381994291    29.947462349870
 conf. level, conf. interval for kappa: 
    0.950000   0.48771501676576   0.84897709037241
 kappahat, degrees of freedom,xchi
    0.65605897753932   101.0000    12.3218
 Number of points, sections
   141  17
 ahat: 
    0.94343964188400   0.21110121315574  -0.25565195075722
    -9.4672193975576D-02   0.91052067645228   0.40247891055401
    0.31774017342736  -0.35551142816661   0.87900671592047
 covariance matrix
     1.2119266157128D-06    4.6013324005359D-06   -1.0603262391341D-06
     4.6013324005359D-06    1.8174624408534D-05   -4.0806694088793D-06
    -1.0603262391341D-06   -4.0806694088793D-06    1.0910149103001D-06
 H11.2 matrix: 
     23388482.844222   -5103931.7990651    3640613.5776120
    -5103931.7990651    1457219.8834169    490002.27762544
     3640613.5776120    490002.27762544    6287517.5606818
