Results from Hellinger1 using C34.hell 
# Williams et al. 2011 Tectonics C34.hell 
 Fitted rotation--alat,along,rho: 
  1.02168736  37.2750399  26.6231229
 conf. level, conf. interval for kappa: 
  0.949999988  0.0996080734  0.178092433
 kappahat, degrees of freedom,xchi
  0.136053294  92.  59.6147041
 Number of points, sections, misfit, reduced misfit
 103 4  676.205604  2.71109958
 ahat: 
  0.96108791  0.0430909526  0.272861136
  0.059071682  0.932851843 -0.355384264
 -0.26985286  0.357673886  0.894007173
 covariance matrix
  5.36619012E-07 -6.23427839E-09 -6.56148761E-07
 -6.23427839E-09  5.7318205E-07 -8.18584849E-07
 -6.56148761E-07 -8.18584849E-07  2.3560279E-06
 H11.2 matrix: 
  6100259.48  4947635.92  3417929.6
  4947635.92  7475752.33  3975302.15
  3417929.6  3975302.15  2757519.29
