Results from Hellinger1 using C24.hell 
# Whittaker et al. 2007 Science C24.hell
 Fitted rotation--alat,along,rho: 
   9.01236931570886        36.0022215745160        25.0592090797541     
 conf. level, conf. interval for kappa: 
  0.9500000      0.588373104371224        1.50120128491362     
 kappahat, degrees of freedom,xchi
  0.992761089762720        36.00000       8.661502    
 Number of points, sections, misfit, reduced misfit
          53           7   36.2625009896433        1.00363922509872     
 ahat: 
  0.965963917202525      -2.268492013619901E-002  0.257680238010538     
  0.110012778829811       0.937596861764576      -0.329862567296384     
 -0.234117276502390       0.346983456677163       0.908180368448620     
 covariance matrix
  1.354344938920357E-006 -1.920531799925321E-006  3.426061282860841E-006
 -1.920531799925321E-006  3.000890627432683E-006 -5.537974671448726E-006
  3.426061282860841E-006 -5.537974671448726E-006  1.288023991367969E-005
 H11.2 matrix: 
   8334749.52757330        6017400.66923609        370245.419913464     
   6017400.66923609        5957807.97881936        961022.955370543     
   370245.419913464        961022.955370543        392355.835067442     
