Results from Hellinger1 using seir.34y.chang.points                      

Fitted rotation--alat,along,rho: 
    9.4851119049051   10.5634431246768    63.876404978931
conf. level, conf. interval for kappa: 
   0.950000    1.9919649418204D-02    6.8728464305507D-02
kappahat, degrees of freedom,xchi
    4.0680483321240D-02    21.0000    226.580
Number of points, sections
  32  4
ahat: 
   0.96650178030452   -4.9830415734904D-02   0.25177616713239
   0.24608414311043   0.45860809970820  -0.85388594401807
   -7.2917097979788D-02   0.88724040741488   0.45550801998701
covariance matrix
    9.0765447753569D-06    9.7329689478482D-06   -1.9194706567389D-05
    9.7329689478482D-06    1.0998953153630D-05   -2.1054334454629D-05
   -1.9194706567389D-05   -2.1054334454629D-05    4.1220716222436D-05
H11.2 matrix: 
    8492381.6477644    2465229.0596280    5213702.0074101
    2465229.0596280    4796993.4618607    3598114.4127456
    5213702.0074101    3598114.4127456    4289866.8586880
