Results from Hellinger1 using seir.29o.chang.points                      

Fitted rotation--alat,along,rho: 
   10.5737232619029    14.132262166187    47.841539515964
conf. level, conf. interval for kappa: 
   0.950000   0.48623375042101    2.2562680529657
kappahat, degrees of freedom,xchi
    1.2093804789613    14.0000    8.29488
Number of points, sections
  27  5
ahat: 
   0.96998570770687   -6.0794512904163D-02   0.23543949126082
   0.21126023411326   0.69012555826471  -0.69216748501517
  -0.12040282524433   0.72113156984739   0.68225539106893
covariance matrix
    6.9470959349940D-06    1.0833970004335D-05   -1.3546930466822D-05
    1.0833970004335D-05    1.7268700362431D-05   -2.1254611632662D-05
   -1.3546930466822D-05   -2.1254611632662D-05    2.6826240086008D-05
H11.2 matrix: 
    12132949.884136   -2849580.6815468    3869252.5453741
   -2849580.6815468    3002832.5729793    940160.40649785
    3869252.5453741    940160.40649785    2736098.6581775
