Results from Hellinger1 using seir.20y.chang.points                      

Fitted rotation--alat,along,rho: 
    17.593914685771    28.044957239956    24.319959205113
conf. level, conf. interval for kappa: 
   0.950000   0.31769091236268    1.1718314582604
kappahat, degrees of freedom,xchi
   0.67772348649600    19.0000    13.8436
Number of points, sections
  28  3
ahat: 
   0.97406802116575   -9.1024921490486D-02   0.20713752390595
   0.15794277923973   0.92908398674631  -0.33445033122666
  -0.16200484137292   0.35849324852672   0.91936772954705
covariance matrix
    1.8738110867093D-05    3.6892384695746D-05   -2.9216444723091D-05
    3.6892384695746D-05    7.3070641181858D-05   -5.7680966286503D-05
   -2.9216444723091D-05   -5.7680966286503D-05    4.5892573250161D-05
H11.2 matrix: 
    11488264.305262   -3429857.6115116    3002854.8852695
   -3429857.6115116    2768569.4739741    1296190.4936357
    3002854.8852695    1296190.4936357    3562630.1240508
