Results from Hellinger1 using seir.30y.chang.points                      

Fitted rotation--alat,along,rho: 
    10.774688935398    13.256338645522    48.702525434791
conf. level, conf. interval for kappa: 
   0.950000   0.32031792337326   0.70141634589725
kappahat, degrees of freedom,xchi
   0.49262178705108    51.0000    16.9679
Number of points, sections
  72  9
ahat: 
   0.97086141434627   -6.7210431208251D-02   0.23002363372131
   0.21369413789524   0.67722327316172  -0.70406210927541
  -0.10845704017151   0.73270143730235   0.67185241996462
covariance matrix
    4.0791960693927D-06    5.6650886886752D-06   -7.6265155947516D-06
    5.6650886886752D-06    8.0249823922254D-06   -1.0750967900976D-05
   -7.6265155947516D-06   -1.0750967900976D-05    1.4552717829497D-05
H11.2 matrix: 
    14112827.542427   -5283683.3177613    3492611.4960579
   -5283683.3177613    14085302.908970    7636686.6678302
    3492611.4960579    7636686.6678302    7540737.7894950
