Results from Hellinger1 using seir.24o.chang.points                      

Fitted rotation--alat,along,rho: 
    12.937121100349    22.130149835859    34.584302187968
conf. level, conf. interval for kappa: 
   0.950000    1.1896259366984    4.2383489468091
kappahat, degrees of freedom,xchi
    2.4807711075349    20.0000    3.74687
Number of points, sections
  31  4
ahat: 
   0.96732284295584   -6.8506070968061D-02   0.24411766780869
   0.18565247461245   0.84711193724411  -0.49793024054460
  -0.17268374609704   0.52698034500259   0.83214904903800
covariance matrix
    1.4775250496023D-05    2.5599258035013D-05   -2.3914976755347D-05
    2.5599258035013D-05    4.4756928901981D-05   -4.1505972069461D-05
   -2.3914976755347D-05   -4.1505972069461D-05    3.8954690202312D-05
H11.2 matrix: 
    14864343.955138   -3293484.5666634    5616298.3353028
   -3293484.5666634    2607379.3020901    756217.17123667
    5616298.3353028    756217.17123667    4279360.7666212
