Results from Hellinger1 using seir.21o.chang.points                      

Fitted rotation--alat,along,rho: 
    14.672172730813    27.069315186772    28.113163740381
conf. level, conf. interval for kappa: 
   0.950000    2.2091920033338    6.2945697935560
kappahat, degrees of freedom,xchi
    3.9924173294407    29.0000    2.20470
Number of points, sections
  38  3
ahat: 
   0.96956597297088   -7.4611958793600D-02   0.23318421829534
   0.16409414377085   0.90488357380885  -0.39275797869812
  -0.18170012668443   0.41906893640057   0.88958770815865
covariance matrix
    1.7588603450776D-05    3.3251851311720D-05   -2.7473596101532D-05
    3.3251851311720D-05    6.3216935673323D-05   -5.2038674595852D-05
   -2.7473596101532D-05   -5.2038674595852D-05    4.3118230934358D-05
H11.2 matrix: 
    16218498.746877   -3714160.5242951    5851364.6677305
   -3714160.5242951    3275835.3171591    1587003.4673425
    5851364.6677305    1587003.4673425    5666827.7257366
