Results from Hellinger1 using seir.22o.chang.points                      

Fitted rotation--alat,along,rho: 
    15.349749603342    23.820369949921    29.304325609856
conf. level, conf. interval for kappa: 
   0.950000    1.1369806971292    3.1267171025117
kappahat, degrees of freedom,xchi
    2.0096291388485    31.0000    4.34610
Number of points, sections
  42  4
ahat: 
   0.97162270987634   -8.5595191593164D-02   0.22050572062575
   0.17352898140430   0.89144270951869  -0.41859000018964
  -0.16073892579377   0.44497568340541   0.88099922753233
covariance matrix
    1.3381583743325D-05    2.4369439033681D-05   -2.1016528483195D-05
    2.4369439033681D-05    4.4874723742451D-05   -3.8320265478517D-05
   -2.1016528483195D-05   -3.8320265478517D-05    3.3294974649883D-05
H11.2 matrix: 
    13688849.561953   -3211968.4317859    4943947.7109466
   -3211968.4317859    2051201.8583282    333328.79343253
    4943947.7109466    333328.79343253    3534403.2239087
