Results from Hellinger1 using seir.33y.chang.points                      

Fitted rotation--alat,along,rho: 
    9.0683775173902    12.788221032230    56.555670314497
conf. level, conf. interval for kappa: 
   0.950000   0.19935542289318   0.49576838293166
kappahat, degrees of freedom,xchi
   0.33111908427877    38.0000    25.8373
Number of points, sections
  53  6
ahat: 
   0.96740294071645   -3.7030073869274D-02   0.25052010682257
   0.22600146545296   0.57257269336600  -0.78808873131439
  -0.11425798836962   0.81901726748637   0.56227735829649
covariance matrix
    7.9051503747656D-06    1.0542003714685D-05   -1.6590942682572D-05
    1.0542003714685D-05    1.4343139475746D-05   -2.2305372485901D-05
   -1.6590942682572D-05   -2.2305372485901D-05    3.5131184522501D-05
H11.2 matrix: 
    14368187.835155   -645752.25147227    6375476.3571755
   -645752.25147227    5551197.6026411    3219586.6212820
    6375476.3571755    3219586.6212820    5083496.1610794
