Results from Hellinger1 using seir.21y.chang.points                      

Fitted rotation--alat,along,rho: 
    17.322628006335    25.930091302624    26.261956129209
conf. level, conf. interval for kappa: 
   0.950000   0.66203782854382    2.2842190799998
kappahat, degrees of freedom,xchi
    1.3520327731016    21.0000    6.81741
Number of points, sections
  30  3
ahat: 
   0.97286222586108   -9.4755300628329D-02   0.21109363442666
   0.16874075579419   0.91476714659018  -0.36705261864379
  -0.15832134040182   0.39271172699843   0.90593148341984
covariance matrix
    2.0208530213628D-05    3.7667396800448D-05   -3.1106211008768D-05
    3.7667396800448D-05    7.0677908794824D-05   -5.8036361652214D-05
   -3.1106211008768D-05   -5.8036361652214D-05    4.8125814884848D-05
H11.2 matrix: 
    14718609.831101   -3316119.0966238    5514393.8159484
   -3316119.0966238    2196144.5662165    505016.69413505
    5514393.8159484    505016.69413505    4194032.4461729
