Results from Hellinger1 using seir.33o.chang.points                      

Fitted rotation--alat,along,rho: 
   10.5162062636713    9.7321359003392    60.025759581141
conf. level, conf. interval for kappa: 
   0.950000   0.19056806529408   0.45281869406497
kappahat, degrees of freedom,xchi
   0.30785643947248    42.0000    27.5491
Number of points, sections
  55  5
ahat: 
   0.96950896225299   -7.7509975062124D-02   0.23247489300353
   0.23869493716814   0.51343304630553  -0.82426405595035
   -5.5471606083037D-02   0.85462196948551   0.51627917853742
covariance matrix
    3.6418713265061D-06    4.5462166242276D-06   -7.8226612890895D-06
    4.5462166242276D-06    5.8632717606814D-06   -9.9125942943745D-06
   -7.8226612890895D-06   -9.9125942943745D-06    1.7108863018486D-05
H11.2 matrix: 
    15743313.603550   -1821786.0947263    6142780.1091622
   -1821786.0947263    8538775.5551628    4114253.6598008
    6142780.1091622    4114253.6598008    5250834.9283070
