Results from Hellinger1 using seir.26y.chang.points                      

Fitted rotation--alat,along,rho: 
    11.767418817619    18.887735220542    39.643573653537
conf. level, conf. interval for kappa: 
   0.950000   0.86912845403195    4.0330124411517
kappahat, degrees of freedom,xchi
    2.1617318524392    14.0000    4.64057
Number of points, sections
  25  4
ahat: 
   0.96733844729326   -6.2608130502436D-02   0.24563499421553
   0.19762251773255   0.79312499171001  -0.57610596942754
  -0.15875033503372   0.60583245994251   0.77959307437065
covariance matrix
    3.9301342112620D-05    6.3709628896695D-05   -6.5575026285789D-05
    6.3709628896695D-05    1.0386687532003D-04   -1.0657168902351D-04
   -6.5575026285789D-05   -1.0657168902351D-04    1.0990719700664D-04
H11.2 matrix: 
    6789265.5818830   -1599006.9014653    2500267.5914587
   -1599006.9014653    2265289.9473388    1242510.5902108
    2500267.5914587    1242510.5902108    2705660.5332388
