Results from Hellinger1 using seir.31y.chang.points                      

Fitted rotation--alat,along,rho: 
   10.5601429251972    12.368444376629    51.259739554309
conf. level, conf. interval for kappa: 
   0.950000   0.23679278746349   0.55685840606830
kappahat, degrees of freedom,xchi
   0.38013591780023    43.0000    22.2681
Number of points, sections
  60  7
ahat: 
   0.97083918445288   -6.7282418261319D-02   0.23009640180536
   0.21861159764531   0.64238315026793  -0.73454261797857
   -9.8388247803445D-02   0.76342449819531   0.63835945066194
covariance matrix
    9.0032671243429D-06    1.2608209817005D-05   -1.8248227575073D-05
    1.2608209817005D-05    1.7874710529956D-05   -2.5747623238582D-05
   -1.8248227575073D-05   -2.5747623238582D-05    3.7361265521532D-05
H11.2 matrix: 
    12147493.394052   -3011393.4201806    3857845.7850238
   -3011393.4201806    8399856.7835201    4317941.4031790
    3857845.7850238    4317941.4031790    4886761.0264635
