Results from Hellinger1 using seir.20o.chang.points                      

Fitted rotation--alat,along,rho: 
    16.848356219117    27.993226032090    25.174138122097
conf. level, conf. interval for kappa: 
   0.950000   0.42481151410340    1.2338402772343
kappahat, degrees of freedom,xchi
   0.77703349003871    28.0000    11.3767
Number of points, sections
  39  4
ahat: 
   0.97285396390792   -8.7231206570698D-02   0.21434990438267
   0.15934745772419   0.92418612386129  -0.34711438486338
  -0.16782000067178   0.37184771757061   0.91299820498841
covariance matrix
    1.9805609762975D-06    4.0833715887371D-06   -3.2997761334404D-06
    4.0833715887371D-06    8.8071319665155D-06   -6.9024388128143D-06
   -3.2997761334404D-06   -6.9024388128143D-06    5.7506931884017D-06
H11.2 matrix: 
    17153145.390233   -4030435.4516078    5004910.6665005
   -4030435.4516078    2861716.6243211    1122175.8798431
    5004910.6665005    1122175.8798431    4392659.1608295
