Results from Hellinger1 using seir.28y.chang.points                      

Fitted rotation--alat,along,rho: 
    9.3120030276188    17.915262848217    45.451790523008
conf. level, conf. interval for kappa: 
   0.950000   0.44657253274775    3.1458607963758
kappahat, degrees of freedom,xchi
    1.4883604626513    9.00000    7.78552
Number of points, sections
  20  4
ahat: 
   0.96467984030266   -3.0236741770053D-02   0.26168405599264
   0.20039522328425   0.72901403165196  -0.65450767462224
  -0.17098116913416   0.68383059386202   0.70932443825081
covariance matrix
    1.1479494030714D-04    1.6677490045651D-04   -1.8901412351476D-04
    1.6677490045651D-04    2.4300886361783D-04   -2.7516360891260D-04
   -1.8901412351476D-04   -2.7516360891260D-04    3.1213802797980D-04
H11.2 matrix: 
    3489462.0803176   -1194031.9092488    1060439.4776433
   -1194031.9092488    2682047.5347539    1641302.6873991
    1060439.4776433    1641302.6873991    2092230.8422867
