Results from Hellinger1 using seir.32y.chang.points                      

Fitted rotation--alat,along,rho: 
    9.6868643084076    12.461639600069    54.211851957163
conf. level, conf. interval for kappa: 
   0.950000    8.7379800031422D-02   0.20548842170950
kappahat, degrees of freedom,xchi
   0.14027538945740    43.0000    60.3449
Number of points, sections
  58  6
ahat: 
   0.96945805841720   -5.1483985283161D-02   0.23979256082982
   0.22150142738000   0.60357616599850  -0.76591966256728
  -0.10530047786492   0.79564138347494   0.59654555422323
covariance matrix
    7.1762885461610D-06    9.9936916320375D-06   -1.4963299685779D-05
    9.9936916320375D-06    1.4121990061403D-05   -2.1008151651269D-05
   -1.4963299685779D-05   -2.1008151651269D-05    3.1481993618582D-05
H11.2 matrix: 
    15732635.702928   -1308969.2477420    6604191.6190459
   -1308969.2477420    9807715.5401039    5922607.0160793
    6604191.6190459    5922607.0160793    7122913.7347388
