Results from Hellinger1 using seir.27y.chang.points                      

Fitted rotation--alat,along,rho: 
    9.9142640764449    18.413364650763    43.591318538216
conf. level, conf. interval for kappa: 
   0.950000    1.4973282459714    6.2526151083932
kappahat, degrees of freedom,xchi
    3.4682128784399    16.0000    2.80162
Number of points, sections
  27  4
ahat: 
   0.96513188018735   -3.8531522487800D-02   0.25891267952884
   0.19890027422073   0.75097091090130  -0.62966766781771
  -0.17017383688731   0.65921014309160   0.73244989759314
covariance matrix
    2.1959814380270D-05    3.4032276473036D-05   -3.7157033437280D-05
    3.4032276473036D-05    5.3068275985801D-05   -5.7654909957549D-05
   -3.7157033437280D-05   -5.7654909957549D-05    6.3180020449950D-05
H11.2 matrix: 
    13672956.892441   -3742867.9075856    4625699.7411958
   -3742867.9075856    3220916.0768347    738014.29732331
    4625699.7411958    738014.29732331    3409739.7607627
