Results from Hellinger1 using seir.25y.chang.points                      

Fitted rotation--alat,along,rho: 
    12.963234454203    18.913059631891    37.363234718564
conf. level, conf. interval for kappa: 
   0.950000   0.90698459536325    3.9812989592893
kappahat, degrees of freedom,xchi
    2.1725342183316    15.0000    4.53947
Number of points, sections
  26  4
ahat: 
   0.96920065495852   -7.6382008146124D-02   0.23412791217525
   0.19588934414424   0.81527766582801  -0.54493090612734
  -0.14925634083253   0.57401055428763   0.80513006917373
covariance matrix
    7.9024830483094D-05    1.2806653078607D-04   -1.2673070330747D-04
    1.2806653078607D-04    2.0797901711678D-04   -2.0556667157663D-04
   -1.2673070330747D-04   -2.0556667157663D-04    2.0363947611559D-04
H11.2 matrix: 
    8563402.8991247   -2503083.7995095    2802479.5469658
   -2503083.7995095    2873384.9450094    1342836.9301019
    2802479.5469658    1342836.9301019    3104519.4882752
