Results from Hellinger1 using seir.23o.chang.points                      

Fitted rotation--alat,along,rho: 
    13.739339177380    22.983516757894    32.067890705998
conf. level, conf. interval for kappa: 
   0.950000   0.59328026193121    1.8832067642321
kappahat, degrees of freedom,xchi
    1.1481773870770    24.0000    7.86146
Number of points, sections
  35  4
ahat: 
   0.96944236533044   -7.4342958563347D-02   0.23378328600345
   0.17785129930823   0.86937036338712  -0.46104672930032
  -0.16896868241451   0.48853689295303   0.85602645320510
covariance matrix
    5.8076913968867D-06    1.0312030029957D-05   -9.2352454933668D-06
    1.0312030029957D-05    1.8651384628404D-05   -1.6455646231345D-05
   -9.2352454933668D-06   -1.6455646231345D-05    1.4879848865221D-05
H11.2 matrix: 
    18427405.674522   -4016820.4370941    6994845.1805644
   -4016820.4370941    3082793.9639138    916208.50174214
    6994845.1805644    916208.50174214    5421823.5776568
