Results from Hellinger1 using C27.hell 
# Whittaker et al. 2007 Science C27.hell
 Fitted rotation--alat,along,rho: 
   5.50598776937932        38.5677221583952        25.3035308590383     
 conf. level, conf. interval for kappa: 
  0.9500000      0.424047639203212        1.12932392404776     
 kappahat, degrees of freedom,xchi
  0.734699326779811        33.00000       11.80718    
 Number of points, sections, misfit, reduced misfit
          48           6   44.9163335219580        1.16666234010399     
 ahat: 
  0.962168930715895       5.326958567630685E-003  0.272401490960400     
  8.734743223348664E-002  0.941003989712558      -0.326928000372044     
 -0.258072421709966       0.338353535311020       0.904939506428627     
 covariance matrix
  2.756916234371924E-006 -4.029507260707810E-006  9.378787072676340E-006
 -4.029507260707810E-006  6.204384252128201E-006 -1.457852260637674E-005
  9.378787072676340E-006 -1.457852260637674E-005  4.114386343616731E-005
 H11.2 matrix: 
   7207356.21562158        4900682.75105324        93536.5483029018     
   4900682.75105324        4294923.91928027        404706.413700381     
   93536.5483029018        404706.413700381        146383.001692942     
