Results from Hellinger1 using C32.hell 
# Whittaker et al. 2007 Science C32.hell
 Fitted rotation--alat,along,rho: 
   1.04069222632629        40.6489298862025        25.8547377509013     
 conf. level, conf. interval for kappa: 
  0.9500000      0.668441163013413        1.48755139575055     
 kappahat, degrees of freedom,xchi
   1.03798807419870        49.00000       8.075155    
 Number of points, sections, misfit, reduced misfit
          68           8   47.2067080711180       0.981530542333258     
 ahat: 
  0.957504532176476       4.153574363146486E-002  0.285411725166450     
  5.737675605631026E-002  0.942365010381623      -0.329630239924825     
 -0.282653460488214       0.331998447600925       0.899935582174976     
 covariance matrix
  2.875952496850627E-006 -4.499667444475625E-006  8.963180983346177E-006
 -4.499667444475625E-006  7.820117902637894E-006 -1.646955178901351E-005
  8.963180983346177E-006 -1.646955178901351E-005  4.701221942865416E-005
 H11.2 matrix: 
   3766731.69133651        2497730.73020640        156865.764701489     
   2497730.73020640        2143956.61482803        274873.045260370     
   156865.764701489        274873.045260370        87658.4782699559     
