Results from Hellinger3 using anom21o.tj.29.points
===== Rotation from side 1 to 3
 Fitted rotation--alat,along,rho: 
    -17.023193137739   -134.12458730446    25.744889557310
 conf. level, conf. interval for kappa: 
    0.950000    1.2136028185852    2.1305911280151
 kappahat, degrees of freedom,xchi
     1.6404356810091    98.0000    4.93300
 Number of points, sections
   130  13
 ahat: 
    0.94472826904410   0.17252066774555  -0.27879224678885
    -8.1807628048170D-02   0.94750111108768   0.30911026589350
    0.31748387307402  -0.26921787401331   0.90924459121277
 covariance matrix
     3.5110940128886D-07    9.7645362085178D-07   -2.8279145709243D-07
     9.7645362085178D-07    3.0138129271544D-06   -8.0912028642317D-07
    -2.8279145709243D-07   -8.0912028642317D-07    3.9196870886443D-07
 H11.2 matrix: 
     30953025.927144   -9046905.7711851    3656455.9418127
    -9046905.7711851    3388491.9625031    467664.68313968
     3656455.9418127    467664.68313968    6154602.2205201
