Results from Hellinger3 using anom22o.tj.27.points
===== Rotation from side 1 to 3
 Fitted rotation--alat,along,rho: 
    -17.343433566678   -136.74252980026    26.788624570010
 conf. level, conf. interval for kappa: 
    0.950000   0.97586233781292    1.7740642227508
 kappahat, degrees of freedom,xchi
     1.3457112306792    87.0000    6.04008
 Number of points, sections
   115  11
 ahat: 
    0.94454124238329   0.18315645120518  -0.27257211122739
    -8.5549774942330D-02   0.93859690895906   0.33424104849616
    0.31705374535613  -0.29238597243100   0.90221248366514
 covariance matrix
     9.0001861104148D-07    2.8774104052027D-06   -7.1884229306504D-07
     2.8774104052027D-06    9.7156576549583D-06   -2.3990098585894D-06
    -7.1884229306504D-07   -2.3990098585894D-06    7.6418629376908D-07
 H11.2 matrix: 
     21082358.034364   -5990923.3183856    1024104.3266040
    -5990923.3183856    2160208.2252576    1146097.2021812
     1024104.3266040    1146097.2021812    5869861.8726648
