Results from Hellinger3 using anom24o.tj.24.points
===== Rotation from side 1 to 2
 Fitted rotation--alat,along,rho: 
    -14.560800821984   -160.30265021196    33.725635868280
 conf. level, conf. interval for kappa: 
    0.950000   0.54602845459492    1.0355582701336
 kappahat, degrees of freedom,xchi
    0.77159780396853    76.0000    10.5947
 Number of points, sections
   104  11
 ahat: 
    0.97145241139353   0.18961471837153  -0.14257093313358
    -8.9556230494812D-02   0.84961623663945   0.51974217840981
    0.21968134644811  -0.49213667716956   0.84234292126618
 covariance matrix
     3.1676632451170D-07    1.0278638142701D-06   -2.9706281171721D-07
     1.0278638142701D-06    4.4159766323516D-06   -1.3066481022139D-06
    -2.9706281171721D-07   -1.3066481022139D-06    5.7608091044738D-07
 H11.2 matrix: 
     12943905.466709   -3155811.2320583   -483233.86476320
    -3155811.2320583    1457980.6323014    1679613.8369971
    -483233.86476320    1679613.8369971    5296327.9404822
