Results from Hellinger3 using anom22o.tj.27.points
===== Rotation from side 1 to 2
 Fitted rotation--alat,along,rho: 
    -14.513382403664   -155.34601022363    29.596001566849
 conf. level, conf. interval for kappa: 
    0.950000   0.97586233781292    1.7740642227508
 kappahat, degrees of freedom,xchi
     1.3457112306792    87.0000    6.04008
 Number of points, sections
   115  11
 ahat: 
    0.97052943066162   0.17012624716220  -0.17067420498171
    -7.7413053361274D-02   0.89080596555968   0.44774094172029
    0.22821008608061  -0.42133334991404   0.87772339883433
 covariance matrix
     4.3131591248614D-07    1.7988509213306D-06   -5.9695986524393D-07
     1.7988509213306D-06    8.5309091837537D-06   -2.8789073313175D-06
    -5.9695986524393D-07   -2.8789073313175D-06    1.2315506319893D-06
 H11.2 matrix: 
     19374822.908858   -4339267.5059238   -752187.80169753
    -4339267.5059238    1527058.6791584    1466356.1808014
    -752187.80169753    1466356.1808014    3875177.7690079
