Results from Hellinger3 using anom23o.tj.27.points
===== Rotation from side 1 to 2
 Fitted rotation--alat,along,rho: 
    -14.039992872395   -157.45258003270    31.923075838290
 conf. level, conf. interval for kappa: 
    0.950000   0.59846211025444    1.0506551591960
 kappahat, degrees of freedom,xchi
    0.80894554986110    98.0000   10.00349
 Number of points, sections
   130  13
 ahat: 
    0.97017021844431   0.17868963463957  -0.16382845209576
    -7.7873584400242D-02   0.86968737235654   0.48742135695539
    0.22957668021028  -0.46012377556039   0.85765999036196
 covariance matrix
     2.7986429215274D-07    1.0284754380930D-06   -3.1061313757885D-07
     1.0284754380930D-06    4.7434408968615D-06   -1.4317517790523D-06
    -3.1061313757885D-07   -1.4317517790523D-06    6.0767106198313D-07
 H11.2 matrix: 
     17584117.040940   -3807156.5025157    18027.302463398
    -3807156.5025157    1554192.9953537    1715839.0860106
     18027.302463398    1715839.0860106    5697581.1381315
