Results from Hellinger3 using anom23o.tj.27.points
===== Rotation from side 1 to 3
 Fitted rotation--alat,along,rho: 
    -17.298537654848   -139.73001419138    28.540357061603
 conf. level, conf. interval for kappa: 
    0.950000   0.59846211025444    1.0506551591960
 kappahat, degrees of freedom,xchi
    0.80894554986110    98.0000   10.00349
 Number of points, sections
   130  13
 ahat: 
    0.94297164448078   0.19670158300593  -0.26853857255185
    -8.7433268021869D-02   0.92476475467050   0.37035870742057
    0.32118515119513  -0.32575855439601   0.88922520369678
 covariance matrix
     4.2968553160931D-07    1.3001551105068D-06   -3.2008846216999D-07
     1.3001551105068D-06    4.2528896384102D-06   -1.0196455783276D-06
    -3.2008846216999D-07   -1.0196455783276D-06    4.1617438972638D-07
 H11.2 matrix: 
     31440931.884805   -9244326.3294483    1532874.4043554
    -9244326.3294483    3287929.2492946    945565.92625782
     1532874.4043554    945565.92625782    5898482.9127276
