Results from Hellinger3 using anom25y.tj.17.points
===== Rotation from side 1 to 2
 Fitted rotation--alat,along,rho: 
    -14.379487376148   -163.27048231114    36.578167686003
 conf. level, conf. interval for kappa: 
    0.950000   0.25236378645574   0.54836551496848
 kappahat, degrees of freedom,xchi
    0.38633050915915    52.0000    21.6082
 Number of points, sections
   78  10
 ahat: 
    0.97253971870917   0.19893852170520  -0.12078890725075
    -9.7046190118711D-02   0.81835780142242   0.56645612878184
    0.21153848944465  -0.53917898088929   0.81519169159815
 covariance matrix
     8.5078094588916D-07    3.3589211566139D-06   -8.9253732570659D-07
     3.3589211566139D-06    1.5116722931439D-05   -4.0989209580586D-06
    -8.9253732570659D-07   -4.0989209580586D-06    1.3398890414496D-06
 H11.2 matrix: 
     9711015.6860895   -2367993.5273769   -775268.91811215
    -2367993.5273769    965397.26857769    1375908.3250772
    -775268.91811215    1375908.3250772    4439011.6189891
