Results from Hellinger3 using anom24o.tj.24.points
===== Rotation from side 2 to 3
 Fitted rotation--alat,along,rho: 
    10.0734438940916   -41.499825919367    9.9911271362263
 conf. level, conf. interval for kappa: 
    0.950000   0.54602845459492    1.0355582701336
 kappahat, degrees of freedom,xchi
    0.77159780396853    76.0000    10.5947
 Number of points, sections
   104  11
 ahat: 
    0.99308120382254   -3.7642101688671D-02  -0.11123306520470
     2.3050290996451D-02   0.99128946474907  -0.12966835065845
    0.11514515491045   0.12620724724819   0.98529859638725
 covariance matrix
     1.1294357817193D-06    1.1713225687148D-06   -1.2881367644074D-06
     1.1713225687148D-06    1.4081560327423D-06   -1.4122184076221D-06
    -1.2881367644074D-06   -1.4122184076221D-06    1.9619351102245D-06
 H11.2 matrix: 
     7602708.5649983   -4738925.6861194    1580546.8331741
    -4738925.6861194    5507310.0765910    852801.02172587
     1580546.8331741    852801.02172587    2161285.4382907
