Results from Hellinger3 using anom26y.tj.18.points
===== Rotation from side 1 to 2
 Fitted rotation--alat,along,rho: 
    -14.645343313860   -164.95400843943    38.288848745017
 conf. level, conf. interval for kappa: 
    0.950000   0.73241711430474    1.5914814629233
 kappahat, degrees of freedom,xchi
     1.1212190174356    52.0000    7.44538
 Number of points, sections
   76  9
 ahat: 
    0.97268043063299   0.20714129742548   -1.0481060425604D-01
   -0.10618526678312   0.79846596168695   0.59260171881756
    0.20643998881473  -0.56528275307868   0.79864756938837
 covariance matrix
     8.3409907568135D-07    3.3771988334350D-06   -8.2157954222214D-07
     3.3771988334350D-06    1.5697043992246D-05   -3.9150257465770D-06
    -8.2157954222214D-07   -3.9150257465770D-06    1.1747422077371D-06
 H11.2 matrix: 
     9493861.9584478   -2290178.9053073   -992682.99812801
    -2290178.9053073    929874.45230967    1497280.2319204
    -992682.99812801    1497280.2319204    5146935.7062452
