Results from Hellinger3 using anom26y.tj.18.points
===== Rotation from side 2 to 3
 Fitted rotation--alat,along,rho: 
     7.1162417815430   -39.722727266716    10.672179669450
 conf. level, conf. interval for kappa: 
    0.950000   0.73241711430474    1.5914814629233
 kappahat, degrees of freedom,xchi
     1.1212190174356    52.0000    7.44538
 Number of points, sections
   76  9
 ahat: 
    0.99277854869736   -3.1313560405341D-02  -0.11580247916652
     1.4570011255103D-02   0.98965882500755  -0.14269942136079
    0.11907337241549   0.13998168101369   0.98296829092407
 covariance matrix
     4.4795195217006D-06    5.2083353162632D-06   -6.0592908074100D-06
     5.2083353162632D-06    6.2961767893997D-06   -7.3584455360492D-06
    -6.0592908074100D-06   -7.3584455360492D-06    9.3155075938019D-06
 H11.2 matrix: 
     5882619.7909676   -5133104.7323234   -228346.93217958
    -5133104.7323234    6546735.8074775    1832516.8422969
    -228346.93217958    1832516.8422969    1406349.0130795
