Results from Hellinger3 using anom20o.tj.25.points
===== Rotation from side 2 to 3
 Fitted rotation--alat,along,rho: 
     11.946279751693   -42.667003170855    7.8654643103871
 conf. level, conf. interval for kappa: 
    0.950000   0.50064991170311   0.87392993344411
 kappahat, degrees of freedom,xchi
    0.67453089728206   100.0000    11.9884
 Number of points, sections
   132  13
 ahat: 
    0.99546077212234   -3.2814140180447D-02   -8.9336909336595D-02
     2.3839209377419D-02   0.99472826106278   -9.9736546658038D-02
     9.2138717496266D-02    9.7154098458219D-02   0.99099522596777
 covariance matrix
     5.6474670127913D-07    5.1414732862966D-07   -3.2351050279990D-07
     5.1414732862966D-07    5.5860149541546D-07   -3.6715244172164D-07
    -3.2351050279990D-07   -3.6715244172164D-07    5.3045048505407D-07
 H11.2 matrix: 
     11013664.782661  -10498304.0721363   -549423.08608346
   -10498304.0721363    13291388.105981    2796969.7641178
    -549423.08608346    2796969.7641178    3486037.2298467
