Results from Hellinger3 using anom21y.tj.20.points
===== Rotation from side 1 to 2
 Fitted rotation--alat,along,rho: 
    -15.525128436209   -152.59218191014    26.778631002772
 conf. level, conf. interval for kappa: 
    0.950000   0.33931111094068   0.60666512714510
 kappahat, degrees of freedom,xchi
    0.46346015875032    92.0000    17.5005
 Number of points, sections
   124  13
 ahat: 
    0.97121975613634   0.16127962241145  -0.17527426703679
    -7.9906796082980D-02   0.91385079268411   0.39811007604728
    0.22438157061179  -0.37264676585936   0.90043728191604
 covariance matrix
     2.0927686771153D-07    6.3143042517386D-07   -2.4307997922854D-07
     6.3143042517386D-07    2.6838917030964D-06   -1.0514838970596D-06
    -2.4307997922854D-07   -1.0514838970596D-06    6.2015197665962D-07
 H11.2 matrix: 
     16492526.738986   -4013562.2891795   -340550.49040844
    -4013562.2891795    2086513.8417247    1964549.1968625
    -340550.49040844    1964549.1968625    4809967.4783183
