Results from Hellinger3 using anom26y.tj.18.points
===== Rotation from side 1 to 3
 Fitted rotation--alat,along,rho: 
    -19.578157243608   -149.75831012218    33.149879395504
 conf. level, conf. interval for kappa: 
    0.950000   0.73241711430474    1.5914814629233
 kappahat, degrees of freedom,xchi
     1.1212190174356    52.0000    7.44538
 Number of points, sections
   76  9
 ahat: 
    0.94507504253185   0.24610376874705  -0.21509555781540
   -0.12037408848534   0.87389245825608   0.47097988303585
    0.30388030999843  -0.41921940128248   0.85551846899036
 covariance matrix
     9.5849661254282D-07    2.5164363072029D-06   -4.3935784610412D-07
     2.5164363072029D-06    7.3338009500331D-06   -1.2870218718456D-06
    -4.3935784610412D-07   -1.2870218718456D-06    4.5421975861570D-07
 H11.2 matrix: 
     10524848.549557   -3629623.5130713  -103980.634233576
    -3629623.5130713    1522939.6955739    804353.22749299
   -103980.634233576    804353.22749299    4380116.5652570
