Results from Hellinger3 using anom21o.tj.29.points
===== Rotation from side 1 to 2
 Fitted rotation--alat,along,rho: 
    -14.740526005217   -153.11616424467    28.061418746206
 conf. level, conf. interval for kappa: 
    0.950000    1.2136028185852    2.1305911280151
 kappahat, degrees of freedom,xchi
     1.6404356810091    98.0000    4.93300
 Number of points, sections
   130  13
 ahat: 
    0.96990881905547   0.16403655816060  -0.17991356342767
    -7.5351560674494D-02   0.90492433735888   0.41884852388365
    0.23151463241518  -0.39268810937234   0.89005450604738
 covariance matrix
     2.3269706646246D-07    7.6454697968425D-07   -2.6957399058655D-07
     7.6454697968425D-07    3.3351710971455D-06   -1.1980125750032D-06
    -2.6957399058655D-07   -1.1980125750032D-06    5.8114324336896D-07
 H11.2 matrix: 
     17462799.822709   -4213415.4708601   -585411.74945004
    -4213415.4708601    2172015.5967530    2523086.6783103
    -585411.74945004    2523086.6783103    6650473.5813465
