Results from Hellinger3 using anom20y.tj.18.points
===== Rotation from side 1 to 3
 Fitted rotation--alat,along,rho: 
    -17.181046234494   -132.10892090926    23.152443554318
 conf. level, conf. interval for kappa: 
    0.950000   0.60030344231682    1.1155946631096
 kappahat, degrees of freedom,xchi
    0.83837763559669    81.0000    9.72357
 Number of points, sections
   113  13
 ahat: 
    0.95251430629956   0.15271016714689  -0.26343139741618
    -7.9573639819658D-02   0.95992023497564   0.26873998275314
    0.29391245659298  -0.23501648311187   0.92648946055808
 covariance matrix
     7.7686422746878D-07    2.1425007233994D-06   -5.9196641381275D-07
     2.1425007233994D-06    6.3905921453864D-06   -1.7644372316265D-06
    -5.9196641381275D-07   -1.7644372316265D-06    6.0188465355746D-07
 H11.2 matrix: 
     17073309.046606   -5706562.5078163    63058.884484324
    -5706562.5078163    2728299.8406091    2385540.9277749
     63058.884484324    2385540.9277749    8716729.9269597
