Results from Hellinger3 using anom21y.tj.20.points
===== Rotation from side 2 to 3
 Fitted rotation--alat,along,rho: 
     11.223101406153   -41.105186654129    8.4858068639642
 conf. level, conf. interval for kappa: 
    0.950000   0.33931111094068   0.60666512714510
 kappahat, degrees of freedom,xchi
    0.46346015875032    92.0000    17.5005
 Number of points, sections
   124  13
 ahat: 
    0.99503266428921   -3.3938268079328D-02   -9.3585206936221D-02
     2.3502610777127D-02   0.99360508181947  -0.11043807617479
     9.6734814230340D-02   0.10768999648205   0.98946714971924
 covariance matrix
     5.3997498753209D-07    5.5139825251086D-07   -4.3840983204311D-07
     5.5139825251086D-07    6.6394562011913D-07   -5.0747005789562D-07
    -4.3840983204311D-07   -5.0747005789562D-07    7.8151128345773D-07
 H11.2 matrix: 
     12297864.833739   -9808176.4964497    529933.43859646
    -9808176.4964497    10812750.049833    1519038.6990825
     529933.43859646    1519038.6990825    2563231.9440293
