Results from Hellinger3 using anom23o.tj.27.points
===== Rotation from side 2 to 3
 Fitted rotation--alat,along,rho: 
     9.1202160039219   -39.963075451071    9.6243287803631
 conf. level, conf. interval for kappa: 
    0.950000   0.59846211025444    1.0506551591960
 kappahat, degrees of freedom,xchi
    0.80894554986110    98.0000   10.00349
 Number of points, sections
   130  13
 ahat: 
    0.99398579898223   -3.3255134508795D-02   -1.0433756490570D-01
     1.9745429646650D-02   0.99158571524519  -0.12793704439977
    0.10771420254413   0.12510741524979   0.98627875634620
 covariance matrix
     8.8882460120364D-07    1.0133274480652D-06   -1.0001460283854D-06
     1.0133274480652D-06    1.3591578038653D-06   -1.1935686410561D-06
    -1.0001460283854D-06   -1.1935686410561D-06    1.5380522822429D-06
 H11.2 matrix: 
     9215702.4216330   -5049125.9735337    2074422.1674789
    -5049125.9735337    5076239.1291869    656009.26672074
     2074422.1674789    656009.26672074    2508183.3859206
