Results from Hellinger3 using anom24o.tj.24.points
===== Rotation from side 1 to 3
 Fitted rotation--alat,along,rho: 
    -17.851247865012   -142.98804184459    29.933779805116
 conf. level, conf. interval for kappa: 
    0.950000   0.54602845459492    1.0355582701336
 kappahat, degrees of freedom,xchi
    0.77159780396853    76.0000    10.5947
 Number of points, sections
   104  11
 ahat: 
    0.94366638536442   0.21106334310817  -0.25484508692391
    -9.4869604884676D-02   0.91040085012323   0.40270342705760
    0.31700711538115  -0.35584063468204   0.87913817543479
 covariance matrix
     3.9925270272892D-07    1.0597245305006D-06   -2.6624071732630D-07
     1.0597245305006D-06    3.1603908151016D-06   -7.4550854449515D-07
    -2.6624071732630D-07   -7.4550854449515D-07    3.6392347640809D-07
 H11.2 matrix: 
     23526194.674887   -7408824.3434255    2034188.8927292
    -7408824.3434255    2945470.1805481    613707.25961534
     2034188.8927292    613707.25961534    5493209.5493550
