Results from Hellinger3 using anom22o.tj.27.points
===== Rotation from side 2 to 3
 Fitted rotation--alat,along,rho: 
     9.2767890355944   -40.414115346302    9.2112958805213
 conf. level, conf. interval for kappa: 
    0.950000   0.97586233781292    1.7740642227508
 kappahat, degrees of freedom,xchi
     1.3457112306792    87.0000    6.04008
 Number of points, sections
   115  11
 ahat: 
    0.99438582227768   -3.2004656001863D-02   -1.0085900280763D-01
     1.9605070126899D-02   0.99238379686451  -0.12161431225845
     1.0398306438294D-01   0.11895420007288   0.98743983138546
 covariance matrix
     8.4337154396584D-07    9.9532718410812D-07   -7.9814207169512D-07
     9.9532718410812D-07    1.3329724049644D-06   -9.7499332752440D-07
    -7.9814207169512D-07   -9.7499332752440D-07    1.3394848828249D-06
 H11.2 matrix: 
     10832625.651014   -7201677.1255331    1212695.3842079
    -7201677.1255331    6392168.7104610    361601.94614200
     1212695.3842079    361601.94614200    1732354.5198220
