Results from Hellinger3 using anom20y.tj.18.points
===== Rotation from side 1 to 2
 Fitted rotation--alat,along,rho: 
    -16.294295422250   -150.71400297847    24.714171117751
 conf. level, conf. interval for kappa: 
    0.950000   0.60030344231682    1.1155946631096
 kappahat, degrees of freedom,xchi
    0.83837763559669    81.0000    9.72357
 Number of points, sections
   113  13
 ahat: 
    0.97259745459837   0.15330709824239  -0.17478880094921
    -8.1301872735269D-02   0.92859695325430   0.36207416905460
    0.21781688823069  -0.33794175834800   0.91561518727365
 covariance matrix
     3.5360672093513D-07    1.2217241412044D-06   -4.3980393835031D-07
     1.2217241412044D-06    5.5348280800105D-06   -2.1173383329349D-06
    -4.3980393835031D-07   -2.1173383329349D-06    9.9513770812283D-07
 H11.2 matrix: 
     12527057.675717   -3478575.5155348   -1864939.8632775
    -3478575.5155348    1937008.8335471    2583975.8878921
    -1864939.8632775    2583975.8878921    5678554.0895813
