Results from Hellinger3 using anom21o.tj.29.points
===== Rotation from side 2 to 3
 Fitted rotation--alat,along,rho: 
     9.8120422839998   -40.732716687914    8.8277995659731
 conf. level, conf. interval for kappa: 
    0.950000    1.2136028185852    2.1305911280151
 kappahat, degrees of freedom,xchi
     1.6404356810091    98.0000    4.93300
 Number of points, sections
   130  13
 ahat: 
    0.99475848288122   -3.1840319583149D-02   -9.7168692410172D-02
     2.0465751777264D-02   0.99305152613310  -0.11588709785353
     1.0018340052150D-01   0.11329104330690   0.98849806563614
 covariance matrix
     5.6767070847965D-07    6.1241023330811D-07   -5.8043124500027D-07
     6.1241023330811D-07    7.7084690330867D-07   -6.5743649681179D-07
    -5.8043124500027D-07   -6.5743649681179D-07    9.8284384309418D-07
 H11.2 matrix: 
     13674234.126552   -9257942.2419524    1882744.2795380
    -9257942.2419524    9288378.9283033    745713.94753798
     1882744.2795380    745713.94753798    2628152.1623521
