Results from Hellinger3 using anom21y.tj.20.points
===== Rotation from side 1 to 3
 Fitted rotation--alat,along,rho: 
    -17.138387906232   -133.33000601271    24.637245640164
 conf. level, conf. interval for kappa: 
    0.950000   0.33931111094068   0.60666512714510
 kappahat, degrees of freedom,xchi
    0.46346015875032    92.0000    17.5005
 Number of points, sections
   124  13
 ahat: 
    0.94810848410711   0.16433820389406  -0.27218239675813
    -8.1349867739877D-02   0.95295167574177   0.29200223067584
    0.30736379322039  -0.25470779030456   0.91687045986624
 covariance matrix
     3.6700132493587D-07    8.7396037814168D-07   -2.4667615491450D-07
     8.7396037814168D-07    2.4089583120363D-06   -6.1941318004400D-07
    -2.4667615491450D-07   -6.1941318004400D-07    3.0544402940854D-07
 H11.2 matrix: 
     21443451.638690   -6951432.1284785    3220817.6393924
    -6951432.1284785    3120901.1213215    714941.91581116
     3220817.6393924    714941.91581116    7324888.1666401
