Results from Hellinger3 using anom25y.tj.17.points
===== Rotation from side 2 to 3
 Fitted rotation--alat,along,rho: 
     7.6881785527517   -39.854929166523   10.4279780828498
 conf. level, conf. interval for kappa: 
    0.950000   0.25236378645574   0.54836551496848
 kappahat, degrees of freedom,xchi
    0.38633050915915    52.0000    21.6082
 Number of points, sections
   78  10
 ahat: 
    0.99304261598685   -3.2194552778839D-02  -0.11326903197859
     1.6234272225438D-02   0.99014497816969  -0.13910201512072
    0.11663109036319   0.13629538868467   0.98377881446186
 covariance matrix
     4.2873415970291D-06    5.1321746528070D-06   -5.8223139350097D-06
     5.1321746528070D-06    6.4432581733279D-06   -7.2594237268927D-06
    -5.8223139350097D-06   -7.2594237268927D-06    8.8724950050656D-06
 H11.2 matrix: 
     5072108.8573168   -3710032.8285414    292895.03519516
    -3710032.8285414    4699277.2480037    1410321.3255460
     292895.03519516    1410321.3255460    1458828.3150043
