Results from Hellinger3 using anom20y.tj.18.points
===== Rotation from side 2 to 3
 Fitted rotation--alat,along,rho: 
     11.854612071360   -42.507097076173    7.5261219783810
 conf. level, conf. interval for kappa: 
    0.950000   0.60030344231682    1.1155946631096
 kappahat, degrees of freedom,xchi
    0.83837763559669    81.0000    9.72357
 Number of points, sections
   113  13
 ahat: 
    0.99586940045963   -3.1016705288088D-02   -8.5335228488824D-02
     2.2796726874007D-02   0.99515229745032   -9.5667205055771D-02
     8.7888830189051D-02    9.3326678245949D-02   0.99174880118686
 covariance matrix
     5.3966509718361D-07    4.7952961419244D-07   -2.5244620801789D-07
     4.7952961419244D-07    5.0508963538358D-07   -2.8671997277411D-07
    -2.5244620801789D-07   -2.8671997277411D-07    6.0327364916576D-07
 H11.2 matrix: 
     11973856.083343   -11672882.238467   -537225.37767903
    -11672882.238467    14090828.993810    1812357.0443384
    -537225.37767903    1812357.0443384    2294180.1865165
