Results from Hellinger3 using anom20o.tj.25.points
===== Rotation from side 1 to 3
 Fitted rotation--alat,along,rho: 
    -17.499048748267   -132.53997702741    23.604268094417
 conf. level, conf. interval for kappa: 
    0.950000   0.50064991170311   0.87392993344411
 kappahat, degrees of freedom,xchi
    0.67453089728206   100.0000    11.9884
 Number of points, sections
   132  13
 ahat: 
    0.95112061495425   0.15831244730523  -0.26515419068398
    -8.2490476900032D-02   0.95764757424334   0.27587396536581
    0.29759855011383  -0.24051671994704   0.92389761900119
 covariance matrix
     6.6914455650882D-07    2.0927513075426D-06   -6.6240548906079D-07
     2.0927513075426D-06    6.9997923953008D-06   -2.1147727002154D-06
    -6.6240548906079D-07   -2.1147727002154D-06    8.0548514401070D-07
 H11.2 matrix: 
     26307256.536950   -6426811.8324103    4760888.4510383
    -6426811.8324103    2260888.8840317    650676.99773042
     4760888.4510383    650676.99773042    6865021.2053555
