Results from Hellinger3 using anom25y.tj.17.points
===== Rotation from side 1 to 3
 Fitted rotation--alat,along,rho: 
    -18.898852485239   -147.35875742329    31.867299591934
 conf. level, conf. interval for kappa: 
    0.950000   0.25236378645574   0.54836551496848
 kappahat, degrees of freedom,xchi
    0.38633050915915    52.0000    21.6082
 Number of points, sections
   78  10
 ahat: 
    0.94493698518222   0.23228004781336  -0.23052130795775
   -0.10972675341031   0.88852337229433   0.44551796425369
    0.30830850397088  -0.39569204727230   0.86508593220829
 covariance matrix
     8.6233115180124D-07    2.2440019435160D-06   -4.8853928847969D-07
     2.2440019435160D-06    6.3307997127291D-06   -1.3419012182887D-06
    -4.8853928847969D-07   -1.3419012182887D-06    5.0007296440091D-07
 H11.2 matrix: 
     15115737.506529   -5166343.8140830    903685.30242507
    -5166343.8140830    2132092.8453780    674093.74179557
     903685.30242507    674093.74179557    4691421.3625269
