Results from Hellinger3 using anom20o.tj.25.points
===== Rotation from side 1 to 2
 Fitted rotation--alat,along,rho: 
    -16.485408220589   -151.56060852657    25.308009036355
 conf. level, conf. interval for kappa: 
    0.950000   0.50064991170311   0.87392993344411
 kappahat, degrees of freedom,xchi
    0.67453089728206   100.0000    11.9884
 Number of points, sections
   132  13
 ahat: 
    0.97225710272961   0.15826248995088  -0.17224723645499
    -8.4352894989848D-02   0.92403703430930   0.37288087686512
    0.21817588156958  -0.34800652795518   0.91175146898808
 covariance matrix
     2.2087984931288D-07    9.1129743892546D-07   -3.2541036816689D-07
     9.1129743892546D-07    5.2854456312852D-06   -1.9300792436775D-06
    -3.2541036816689D-07   -1.9300792436775D-06    8.7504451477981D-07
 H11.2 matrix: 
     15763312.407562   -2966948.6034248   -682137.43686386
    -2966948.6034248    1530928.8437679    2273413.6537402
    -682137.43686386    2273413.6537402    5903578.4164724
