Results from Hellinger1 using C32.hell 
# Whittaker et al. 2013 Gcubed C32.hell 
 Fitted rotation--alat,along,rho: 
  6.75716054  36.0858048  25.7577657
 conf. level, conf. interval for kappa: 
  0.949999988  0.0301053261  0.0511944896
 kappahat, degrees of freedom,xchi
  0.0399626153  110.  201.723938
 Number of points, sections, misfit, reduced misfit
 119 3  2752.5726  5.00233818
 ahat: 
  0.964631791 -0.00449203553  0.263562763
  0.0977716558  0.934631987 -0.341911908
 -0.244798309  0.355588064  0.902014921
 covariance matrix
  1.18840138E-07 -1.41437064E-07  3.33199596E-07
 -1.41437064E-07  2.85325078E-07 -6.88327694E-07
  3.33199596E-07 -6.88327694E-07  2.62144822E-06
 H11.2 matrix: 
  20549769.9  10599765.7  171255.438
  10599765.7  15028859.8  2598923.25
  171255.438  2598923.25  1042114.27
