Results from Hellinger1 using C21.hell 
# Whittaker et al. 2007 Science C21.hell
 Fitted rotation--alat,along,rho: 
   13.6033985202486        33.6007930422368        24.6435149841284     
 conf. level, conf. interval for kappa: 
  0.9500000       1.65083817548605        4.89297217595762     
 kappahat, degrees of freedom,xchi
   3.05849673400444        27.00000       2.903731    
 Number of points, sections, misfit, reduced misfit
          42           6   8.82786621931402       0.571802420528928     
 ahat: 
  0.968610793370776      -5.841166727423652E-002  0.241622035609086     
  0.137731394966158       0.935270432951629      -0.326035703699991     
 -0.206937656810718       0.349080641647050       0.913958156493487     
 covariance matrix
  2.957830252520264E-006 -4.157465552963289E-006  9.405672078837343E-006
 -4.157465552963289E-006  6.190624254127437E-006 -1.369585612424875E-005
  9.405672078837343E-006 -1.369585612424875E-005  3.221269274276930E-005
 H11.2 matrix: 
   6983872.83029043        3010817.07078197       -759088.985804834     
   3010817.07078197        4018613.39757394        829474.054478354     
  -759088.985804834        829474.054478354        605354.527291030     
