Results from Hellinger3 using anom20y.tj.16.points
===== Rotation from side 1 to 2
 Fitted rotation--alat,along,rho: 
    -16.250012337630   -150.67102031197    24.728884095734
 conf. level, conf. interval for kappa: 
    0.950000   0.53185369092685    1.0521788326212
 kappahat, degrees of freedom,xchi
    0.77028539293309    67.0000    10.6775
 Number of points, sections
   97  12
 ahat: 
    0.97254020037529   0.15315367758302  -0.17524128993131
    -8.0965451250566D-02   0.92857648954148   0.36220201376389
    0.21819751226305  -0.33806752892525   0.91547812181864
 covariance matrix
     2.1681915753936D-06    1.0503845754102D-05   -3.7629566941037D-06
     1.0503845754102D-05    5.3016182590552D-05   -1.9116180591058D-05
    -3.7629566941037D-06   -1.9116180591058D-05    7.0808536441725D-06
 H11.2 matrix: 
     11913558.245295   -2918612.4292460   -1548191.6551219
    -2918612.4292460    1425120.1217131    2296367.3943289
    -1548191.6551219    2296367.3943289    5517978.1456389
