Results from Hellinger3 using anom26y.tj.17.points
===== Rotation from side 2 to 3
 Fitted rotation--alat,along,rho: 
     9.1620970991214   -44.737082102469    10.689741443905
 conf. level, conf. interval for kappa: 
    0.950000    1.3559800380502    3.2568112548656
 kappahat, degrees of freedom,xchi
     2.2048862725521    41.0000    3.85428
 Number of points, sections
   63  8
 ahat: 
    0.99118063246174   -3.7991973670175D-02  -0.12695496748608
     2.1078695301658D-02   0.99102540537594  -0.13200126705391
    0.13083058677973   0.12816105428758   0.98308600932307
 covariance matrix
     8.5132904740419D-06    8.6665462732846D-06   -7.4598645976295D-06
     8.6665462732846D-06    9.1026472195299D-06   -8.0906258114647D-06
    -7.4598645976295D-06   -8.0906258114647D-06    8.3782971226236D-06
 H11.2 matrix: 
     4713571.9397197   -5345803.1602858   -965385.26525667
    -5345803.1602858    6838140.2511683    1843556.7575537
    -965385.26525667    1843556.7575537    1040054.3686464
