Results from Hellinger3 using anom29o.tj.16.points
===== Rotation from side 2 to 3
 Fitted rotation--alat,along,rho: 
     1.8231753377883   -39.512460090255    11.677202622546
 conf. level, conf. interval for kappa: 
    0.950000   0.38713757227333   0.91041967001853
 kappahat, degrees of freedom,xchi
    0.62149230948922    43.0000    13.6203
 Number of points, sections
   71  11
 ahat: 
    0.99160936978369   -1.6588027816056D-02  -0.12820177491118
    -3.7094475500492D-03   0.98767310120196  -0.15648669323929
    0.12921725022641   0.15564922902240   0.97932436901604
 covariance matrix
     1.0884496392136D-05    1.1972020821321D-05   -1.3227231183645D-05
     1.1972020821321D-05    1.3405250221670D-05   -1.4925670202713D-05
    -1.3227231183645D-05   -1.4925670202713D-05    1.7719086272842D-05
 H11.2 matrix: 
     5467600.3224532   -5450858.3162772   -509986.79765235
    -5450858.3162772    6635204.7257970    1520118.6986332
    -509986.79765235    1520118.6986332    956204.89853311
