Results from Hellinger3 using anom21o.tj.19.points
===== Rotation from side 1 to 2
 Fitted rotation--alat,along,rho: 
    -13.715643282375   -152.06236927348    28.457909487088
 conf. level, conf. interval for kappa: 
    0.950000    1.1660676596875    2.0242288064366
 kappahat, degrees of freedom,xchi
     1.5661030347731   102.0000    5.16005
 Number of points, sections
   128  10
 ahat: 
    0.96817513174027   0.16018489765522  -0.19229589918378
    -6.5780820966195D-02   0.90419930388418   0.42201481306747
    0.24147421782195  -0.39593486512120   0.88596037423168
 covariance matrix
     1.6177021465900D-06    8.2976844608042D-06   -2.6501077084241D-06
     8.2976844608042D-06    4.3933073751253D-05   -1.4029853942950D-05
    -2.6501077084241D-06   -1.4029853942950D-05    4.6256615058505D-06
 H11.2 matrix: 
     19798256.977409   -3727354.6001538    37459.030504910
    -3727354.6001538    1426452.7593701    2191045.0429121
     37459.030504910    2191045.0429121    6883191.1629725
