Results from Hellinger3 using anom28y.tj.16.points
===== Rotation from side 1 to 3
 Fitted rotation--alat,along,rho: 
    -14.424118814436   -148.25980885945    41.196819119952
 conf. level, conf. interval for kappa: 
    0.950000   0.33944537281651   0.85481528451211
 kappahat, degrees of freedom,xchi
    0.56815734860001    37.0000    15.0951
 Number of points, sections
   61  9
 ahat: 
    0.92038210498616   0.26794642569756  -0.28478323998640
    -6.0188681228849D-02   0.81670908154827   0.57390208116760
    0.38636006971889  -0.51106847787011   0.76781176563943
 covariance matrix
     3.0276126590550D-05    1.1433576985105D-04   -1.4061946317643D-05
     1.1433576985105D-04    4.3438759138728D-04   -5.3534077771212D-05
    -1.4061946317643D-05   -5.3534077771212D-05    6.8130983670178D-06
 H11.2 matrix: 
     5624602.6948803   -1573188.9727561   -752427.07307384
    -1573188.9727561    512785.30398432    782226.99481736
    -752427.07307384    782226.99481736    4740165.1827206
