Results from Hellinger3 using anom27y.tj.13.points
===== Rotation from side 1 to 2
 Fitted rotation--alat,along,rho: 
    -9.5402198436960   -161.01690143994    43.852685017649
 conf. level, conf. interval for kappa: 
    0.950000   0.73229382261457    1.7400414487939
 kappahat, degrees of freedom,xchi
     1.1829965767345    42.0000    7.16922
 Number of points, sections
   66  9
 ahat: 
    0.96364115512799   0.19825121428491  -0.17914290434778
    -3.1400174760816D-02   0.74982166453976   0.66089446995100
    0.26534836191050  -0.63123999193760   0.72878413773218
 covariance matrix
     4.6479169252421D-06    2.3696637838287D-05   -3.8343856146293D-06
     2.3696637838287D-05    1.2313917443030D-04   -2.0012880712764D-05
    -3.8343856146293D-06   -2.0012880712764D-05    3.4735808653114D-06
 H11.2 matrix: 
     11560372.202074   -2367878.5210723   -881265.07826892
    -2367878.5210723    612624.34398742    915775.01803204
    -881265.07826892    915775.01803204    4591281.0656231
