Results from Hellinger3 using anom27y.tj.13.points
===== Rotation from side 1 to 3
 Fitted rotation--alat,along,rho: 
    -14.517773717117   -147.32059416081    39.570874933719
 conf. level, conf. interval for kappa: 
    0.950000   0.73229382261457    1.7400414487939
 kappahat, degrees of freedom,xchi
     1.1829965767345    42.0000    7.16922
 Number of points, sections
   66  9
 ahat: 
    0.92298905820706   0.25729401393304  -0.28616601619386
    -6.2088875702618D-02   0.83344737019462   0.54909967458527
    0.37978437295922  -0.48904526529749   0.78523789933120
 covariance matrix
     1.6301014180859D-05    5.9560724870806D-05   -8.4959114079382D-06
     5.9560724870806D-05    2.2006502066313D-04   -3.1388782707647D-05
    -8.4959114079382D-06   -3.1388782707647D-05    4.7161963476087D-06
 H11.2 matrix: 
     5528879.1264056   -1494681.6124381    12007.747140536
    -1494681.6124381    493710.80993392    593338.05567760
     12007.747140536    593338.05567760    4182645.2089423
