Results from Hellinger3 using anom23o.tj.25.points
===== Rotation from side 2 to 3
 Fitted rotation--alat,along,rho: 
     9.4452127932353   -41.338699413426    9.6169029538936
 conf. level, conf. interval for kappa: 
    0.950000   0.53456245349559    1.0053682098806
 kappahat, degrees of freedom,xchi
    0.75174260935115    78.0000    10.8619
 Number of points, sections
   106  11
 ahat: 
    0.99365563286141   -3.4196833437871D-02  -0.10714037458217
     2.0633613210411D-02   0.99191270599019  -0.12523353265444
    0.11055648912963   0.12222831209687   0.98632525184813
 covariance matrix
     1.2565189252078D-06    1.3665351139921D-06   -9.8758701832088D-07
     1.3665351139921D-06    1.6532277179832D-06   -1.1480660830909D-06
    -9.8758701832088D-07   -1.1480660830909D-06    1.3071529138010D-06
 H11.2 matrix: 
     8062169.9657075   -6240117.1269885    610508.19777354
    -6240117.1269885    6380508.4521739    889403.73167153
     610508.19777354    889403.73167153    2007434.7855568
