Results from Hellinger3 using anom22o.tj.25.points
===== Rotation from side 1 to 2
 Fitted rotation--alat,along,rho: 
    -15.461793493915   -156.39208135538    29.235695946850
 conf. level, conf. interval for kappa: 
    0.950000   0.93515021339664    1.7811957496592
 kappahat, degrees of freedom,xchi
     1.3247770217190    75.0000    6.17445
 Number of points, sections
   101  10
 ahat: 
    0.97196891240904   0.17362798124691  -0.15852368100228
    -8.6784552870094D-02   0.89159559307337   0.44443867945452
    0.21850600608113  -0.41822317312681   0.88167142562647
 covariance matrix
     1.5889054429175D-06    7.7807270302215D-06   -2.4545990766904D-06
     7.7807270302215D-06    3.9451651945336D-05   -1.2462158463264D-05
    -2.4545990766904D-06   -1.2462158463264D-05    4.2043327903596D-06
 H11.2 matrix: 
     18403425.464793   -3699270.7311098   -220693.01885667
    -3699270.7311098    1141634.1253310    1224212.9994410
    -220693.01885667    1224212.9994410    3737721.1308147
