Results from Hellinger3 using anom25y.tj.16.points
===== Rotation from side 1 to 3
 Fitted rotation--alat,along,rho: 
    -16.902538592057   -145.41936281252    33.179420906934
 conf. level, conf. interval for kappa: 
    0.950000   0.34230853802513   0.85127230499947
 kappahat, degrees of freedom,xchi
    0.56855684187944    38.0000    15.0473
 Number of points, sections
   62  9
 ahat: 
    0.93813766581512   0.22886035443957  -0.25984737471207
    -8.9366948632339D-02   0.88504117722859   0.45685409388773
    0.33453141626924  -0.40537026626978   0.85074301569468
 covariance matrix
     1.2441882519423D-05    4.4725240304666D-05   -8.1088383160736D-06
     4.4725240304666D-05    1.6215741765031D-04   -2.9312723038432D-05
    -8.1088383160736D-06   -2.9312723038432D-05    5.5224766225668D-06
 H11.2 matrix: 
     9664116.1127102   -2478172.2719448    1036270.1316476
    -2478172.2719448    787718.44056165    542342.57789941
     1036270.1316476    542342.57789941    4581365.6546476
