Results from Hellinger3 using anom24o.tj.22.points
===== Rotation from side 2 to 3
 Fitted rotation--alat,along,rho: 
    10.3865426060082   -43.414111879327    9.9718300556891
 conf. level, conf. interval for kappa: 
    0.950000   0.58271487309002    1.1990281504340
 kappahat, degrees of freedom,xchi
    0.86366997957969    60.0000    9.58032
 Number of points, sections
   86  10
 ahat: 
    0.99260533541435   -3.8516189825609D-02  -0.11511364483968
     2.3922623667343D-02   0.99179663942363  -0.12556724933225
    0.11900569811496   0.12188490123602   0.98538404425222
 covariance matrix
     1.8926611283812D-06    1.7889811141678D-06   -1.3949390529270D-06
     1.7889811141678D-06    1.8621761482677D-06   -1.3960901756501D-06
    -1.3949390529270D-06   -1.3960901756501D-06    1.7327485889009D-06
 H11.2 matrix: 
     5889586.6937463   -5312337.0357596    461182.27679334
    -5312337.0357596    6147901.2727944    676750.32710158
     461182.27679334    676750.32710158    1493653.3020598
