Results from Hellinger3 using anom25y.tj.16.points
===== Rotation from side 1 to 2
 Fitted rotation--alat,along,rho: 
    -12.982843777841   -161.45397293871    37.206415479832
 conf. level, conf. interval for kappa: 
    0.950000   0.34230853802513   0.85127230499947
 kappahat, degrees of freedom,xchi
    0.56855684187944    38.0000    15.0473
 Number of points, sections
   62  9
 ahat: 
    0.97017520805375   0.19412760847616  -0.14517071779528
    -7.7570074934820D-02   0.81601408994863   0.57280353392757
    0.22965833133696  -0.54445888424438   0.80673513262711
 covariance matrix
     4.4149033477449D-06    2.2062130001165D-05   -4.9241027342831D-06
     2.2062130001165D-05    1.1324174544372D-04   -2.5276412182293D-05
    -4.9241027342831D-06   -2.5276412182293D-05    5.9037281808993D-06
 H11.2 matrix: 
     8570003.7724811   -1672055.7957767   -10839.333213513
    -1672055.7957767    525331.51964026    854565.34452967
    -10839.333213513    854565.34452967    3819107.3850027
