Results from Hellinger3 using anom20y.tj.16.points
===== Rotation from side 1 to 3
 Fitted rotation--alat,along,rho: 
    -17.133272905289   -132.08278134046    23.177236445564
 conf. level, conf. interval for kappa: 
    0.950000   0.53185369092685    1.0521788326212
 kappahat, degrees of freedom,xchi
    0.77028539293309    67.0000    10.6775
 Number of points, sections
   97  12
 ahat: 
    0.95239754714847   0.15260687946203  -0.26391296392266
    -7.9284836673424D-02   0.95988985589976   0.26893378221118
    0.29436852219496  -0.23520757828268   0.92629615580502
 covariance matrix
     4.9128606415844D-06    1.7273242400821D-05   -5.0409112391570D-06
     1.7273242400821D-05    6.1747757800697D-05   -1.8041464313123D-05
    -5.0409112391570D-06   -1.8041464313123D-05    5.3879762400506D-06
 H11.2 matrix: 
     12413471.531108   -3658697.5816914   -637169.41974630
    -3658697.5816914    1826574.3888555    2693201.7227010
    -637169.41974630    2693201.7227010    8607571.0457234
