Results from Hellinger3 using anom20y.tj.16.points
===== Rotation from side 2 to 3
 Fitted rotation--alat,along,rho: 
     11.846118800490   -42.542488279380    7.5251623688442
 conf. level, conf. interval for kappa: 
    0.950000   0.53185369092685    1.0521788326212
 kappahat, degrees of freedom,xchi
    0.77028539293309    67.0000    10.6775
 Number of points, sections
   97  12
 ahat: 
    0.99586565438219   -3.0993943755262D-02   -8.5387199698996D-02
     2.2774667659793D-02   0.99515884280249   -9.5604351914495D-02
     8.7936982748594D-02    9.3264425385568D-02   0.99175038897022
 covariance matrix
     1.0347630260600D-06    8.7102777018705D-07   -9.8556561213123D-08
     8.7102777018705D-07    8.1468066528784D-07   -1.6485565784320D-07
    -9.8556561213124D-08   -1.6485565784320D-07    6.5153848203835D-07
 H11.2 matrix: 
     10669585.761616   -11678924.045575   -1341101.1755854
    -11678924.045575    14077459.871614    1795311.1712382
    -1341101.1755854    1795311.1712382    1786222.7882875
