Results from Hellinger3 using anom13o.tj.11.points
===== Rotation from side 1 to 3
 Fitted rotation--alat,along,rho: 
    -16.320556509212   -132.30860490831    18.930746908788
 conf. level, conf. interval for kappa: 
    0.950000   0.44780418315530   0.74275980199891
 kappahat, degrees of freedom,xchi
    0.58611700355979    121.000    13.7150
 Number of points, sections
   171  22
 ahat: 
    0.96848341964070   0.11596587589919  -0.22043543614400
    -6.6368184499149D-02   0.97315675159169   0.22036606117505
    0.24007317627621  -0.19879097680341   0.95018262327523
 covariance matrix
     8.8974546553711D-07    2.6638905040469D-06   -8.6594293683539D-07
     2.6638905040469D-06    8.7884484330365D-06   -2.7973832304497D-06
    -8.6594293683539D-07   -2.7973832304497D-06    9.6164839037196D-07
 H11.2 matrix: 
     12865430.696825   -2863727.5855098    3254604.6437710
    -2863727.5855098    2173510.3615927    3743901.4062536
     3254604.6437710    3743901.4062536    14861387.027589
