Results from Hellinger3 using anom20o.tj.23.points
===== Rotation from side 1 to 2
 Fitted rotation--alat,along,rho: 
    -16.834766983224   -151.93921132400    25.194935271353
 conf. level, conf. interval for kappa: 
    0.950000   0.45032817805921   0.81310120610929
 kappahat, degrees of freedom,xchi
    0.61857028146515    89.0000    13.1287
 Number of points, sections
   119  12
 ahat: 
    0.97273431835786   0.15946724190186  -0.16839876676831
    -8.7108561218737D-02   0.92415084741502   0.37196412432451
    0.21494195600505  -0.34715329464418   0.91284420662368
 covariance matrix
     3.8572161056346D-07    1.9911822646207D-06   -6.8506757719402D-07
     1.9911822646207D-06    1.2379479971599D-05   -4.2970183533933D-06
    -6.8506757719402D-07   -4.2970183533933D-06    1.6655653132514D-06
 H11.2 matrix: 
     15328922.285813   -2651715.6667416   -536228.28809286
    -2651715.6667416    1231790.1139096    2087231.4475555
    -536228.28809286    2087231.4475555    5764720.9313187
