Results from Hellinger3 using anom28y.tj.16.points
===== Rotation from side 1 to 2
 Fitted rotation--alat,along,rho: 
    -8.8092900164648   -161.38355728189    45.804669671931
 conf. level, conf. interval for kappa: 
    0.950000   0.33944537281651   0.85481528451211
 kappahat, degrees of freedom,xchi
    0.56815734860001    37.0000    15.0951
 Number of points, sections
   61  9
 ahat: 
    0.96275254220362   0.19928533116441  -0.18273724104067
    -2.0316151428121D-02   0.72725015463672   0.68607176488470
    0.26961972567232  -0.65680481831633   0.70421064615982
 covariance matrix
     1.4176384570794D-05    6.5523223334566D-05   -9.8335023737316D-06
     6.5523223334566D-05    3.0787852216333D-04   -4.6371897683134D-05
    -9.8335023737316D-06   -4.6371897683134D-05    7.1946469953830D-06
 H11.2 matrix: 
     4431701.6918909   -1055696.1382867   -747150.51421991
    -1055696.1382867    362640.46059579    894433.85573476
    -747150.51421991    894433.85573476    4882725.8529696
