Results from Hellinger3 using anom18o.tj.16.points
===== Rotation from side 1 to 2
 Fitted rotation--alat,along,rho: 
    -16.773364312955   -149.92158261591    23.519911666481
 conf. level, conf. interval for kappa: 
    0.950000   0.44932533100058   0.83501926847132
 kappahat, degrees of freedom,xchi
    0.62752315256450    81.0000    12.9908
 Number of points, sections
   125  19
 ahat: 
    0.97395078966167   0.14819571502720  -0.17163300779564
    -8.2135593636405D-02   0.93605168130476   0.34214177497716
    0.21136131049792  -0.31913207293235   0.92384041719904
 covariance matrix
     7.9784601964027D-07    4.0282383847673D-06   -1.6287062734207D-06
     4.0282383847673D-06    2.3089031131648D-05   -9.3209251307838D-06
    -1.6287062734207D-06   -9.3209251307838D-06    3.9074245618183D-06
 H11.2 matrix: 
     10524829.475687   -1761980.7293426    183897.42969557
    -1761980.7293426    1465213.6216921    2760743.6126291
     183897.42969557    2760743.6126291    6918162.8431586
