Results from Hellinger3 using anom22o.tj.25.points
===== Rotation from side 2 to 3
 Fitted rotation--alat,along,rho: 
     9.3161561796376   -39.605026886473    9.2151357599410
 conf. level, conf. interval for kappa: 
    0.950000   0.93515021339664    1.7811957496592
 kappahat, degrees of freedom,xchi
     1.3247770217190    75.0000    6.17445
 Number of points, sections
   101  10
 ahat: 
    0.99455429296853   -3.2096911277921D-02   -9.9154155859829D-02
     1.9751315714922D-02   0.99220148971719  -0.12306944921676
     1.0233105034831D-01   0.12044082401497   0.98743220731613
 covariance matrix
     1.4016080921417D-06    1.6287806020828D-06   -9.6297726068759D-07
     1.6287806020828D-06    2.0699336806338D-06   -1.1885801235380D-06
    -9.6297726068759D-07   -1.1885801235380D-06    1.4992772572369D-06
 H11.2 matrix: 
     8401956.4603670   -6447606.1424721    285068.36158147
    -6447606.1424721    5834639.1159535    484258.64973594
     285068.36158147    484258.64973594    1233990.9424636
