Results from Hellinger3 using anom21y.tj.18.points
===== Rotation from side 1 to 3
 Fitted rotation--alat,along,rho: 
    -17.929258940773   -133.84133987359    24.217640663879
 conf. level, conf. interval for kappa: 
    0.950000   0.33810908134001   0.66888925389050
 kappahat, degrees of freedom,xchi
    0.48968445837119    67.0000    16.7959
 Number of points, sections
   93  10
 ahat: 
    0.95021628926738   0.16607864103853  -0.26364159118344
    -8.6477732529355D-02   0.95343749411704   0.28892654185520
    0.29935030547424  -0.25174357946653   0.92033394200684
 covariance matrix
     6.1185461969057D-06    2.2277572996592D-05   -6.2088307687991D-06
     2.2277572996592D-05    8.2232219592312D-05   -2.2821533647848D-05
    -6.2088307687991D-06   -2.2821533647848D-05    6.4866700509140D-06
 H11.2 matrix: 
     12686905.747672   -2833673.4569611    2174008.6224925
    -2833673.4569611    1148100.8801959    1326971.1350576
     2174008.6224925    1326971.1350576    6903629.7027465
