Results from Hellinger3 using anom24o.tj.22.points
===== Rotation from side 1 to 2
 Fitted rotation--alat,along,rho: 
    -12.900133088683   -158.24672764819    34.462250336007
 conf. level, conf. interval for kappa: 
    0.950000   0.58271487309002    1.1990281504340
 kappahat, degrees of freedom,xchi
    0.86366997957969    60.0000    9.58032
 Number of points, sections
   86  10
 ahat: 
    0.96834879692891   0.18372998902455  -0.16894939662329
    -6.8930593887301D-02   0.84740314728430   0.52645653115809
    0.23989410312193  -0.49814776633616   0.83324643544489
 covariance matrix
     1.5637706969506D-06    7.7605252033464D-06   -1.9551254693214D-06
     7.7605252033464D-06    4.0677753302958D-05   -1.0235314843871D-05
    -1.9551254693214D-06   -1.0235314843871D-05    2.7722175967606D-06
 H11.2 matrix: 
     12021640.879486   -2256206.4481845    148196.48971990
    -2256206.4481845    769713.22804021    1250655.9880589
     148196.48971990    1250655.9880589    5082790.2352021
