Results from Hellinger3 using anom26y.tj.17.points
===== Rotation from side 1 to 3
 Fitted rotation--alat,along,rho: 
    -15.987442433975   -146.12962713554    35.573619321923
 conf. level, conf. interval for kappa: 
    0.950000    1.3559800380502    3.2568112548656
 kappahat, degrees of freedom,xchi
     2.2048862725521    41.0000    3.85428
 Number of points, sections
   63  8
 ahat: 
    0.93227175247388   0.24003937925096  -0.27064825133019
    -8.0418741455597D-02   0.86693912680896   0.49188349883932
    0.35270696840574  -0.43680389972679   0.82752652381752
 covariance matrix
     1.6384891563762D-05    6.1364151149829D-05   -1.0325909714389D-05
     6.1364151149829D-05    2.3186157837222D-04   -3.9038849655430D-05
    -1.0325909714389D-05   -3.9038849655430D-05    6.7908489766859D-06
 H11.2 matrix: 
     6935996.1890732   -1868138.6066437   -192834.76588076
    -1868138.6066437    637622.21567895    824905.28767718
    -192834.76588076    824905.28767718    4596208.6965084
