Results from Hellinger3 using anom20o.tj.23.points
===== Rotation from side 1 to 3
 Fitted rotation--alat,along,rho: 
    -17.909695707485   -132.79591129543    23.396275785703
 conf. level, conf. interval for kappa: 
    0.950000   0.45032817805921   0.81310120610929
 kappahat, degrees of freedom,xchi
    0.61857028146515    89.0000    13.1287
 Number of points, sections
   119  12
 ahat: 
    0.95214164254007   0.15922367602856  -0.26091016372127
    -8.4999601615305D-02   0.95786353010498   0.27435838864533
    0.29360068165170  -0.23905078683572   0.92555570391353
 covariance matrix
     1.2712173704158D-06    4.4636841669843D-06   -1.3155749942578D-06
     4.4636841669843D-06    1.6344502178611D-05   -4.6880087845834D-06
    -1.3155749942578D-06   -4.6880087845834D-06    1.5126093742118D-06
 H11.2 matrix: 
     22333798.775138   -4753916.3004138    4690824.9669816
    -4753916.3004138    1562863.8776814    709096.60904264
     4690824.9669816    709096.60904264    6938594.5507447
