Results from Hellinger3 using anom26y.tj.17.points
===== Rotation from side 1 to 2
 Fitted rotation--alat,along,rho: 
    -12.232607364517   -161.74400606858    39.397706236957
 conf. level, conf. interval for kappa: 
    0.950000    1.3559800380502    3.2568112548656
 kappahat, degrees of freedom,xchi
     2.2048862725521    41.0000    3.85428
 Number of points, sections
   63  8
 ahat: 
    0.96849944273342   0.19904901893185  -0.14962726184534
    -6.9912562798836D-02   0.79405788149990   0.60380817681677
    0.23900013177394  -0.57432705742474   0.78296064276685
 covariance matrix
     5.5662033307307D-06    2.9093811444724D-05   -5.8415899866654D-06
     2.9093811444724D-05    1.5543830344031D-04   -3.1241518464245D-05
    -5.8415899866654D-06   -3.1241518464245D-05    6.5025908300505D-06
 H11.2 matrix: 
     8300431.3875373   -1598206.4827319   -221862.40826305
    -1598206.4827319    495017.51237043    942552.27291409
    -221862.40826305    942552.27291409    4482941.6115988
