Results from Hellinger3 using anom18o.tj.16.points
===== Rotation from side 1 to 3
 Fitted rotation--alat,along,rho: 
    -16.754855154820   -131.57651826857    22.216219617738
 conf. level, conf. interval for kappa: 
    0.950000   0.44932533100058   0.83501926847132
 kappahat, degrees of freedom,xchi
    0.62752315256450    81.0000    12.9908
 Number of points, sections
   125  19
 ahat: 
    0.95573972191875   0.14278933417476  -0.25724072382227
    -7.5207699530962D-02   0.96385453154509   0.25559390437029
    0.28443872077820  -0.22493476402264   0.93193291928987
 covariance matrix
     2.1051576741959D-06    7.2017550282642D-06   -2.0466560710853D-06
     7.2017550282642D-06    2.5974097940612D-05   -7.2936171831475D-06
    -2.0466560710853D-06   -7.2936171831475D-06    2.1423061787811D-06
 H11.2 matrix: 
     9799747.3096416   -2005250.8370077    2535202.6796420
    -2005250.8370077    1285581.1923378    2461122.6571521
     2535202.6796420    2461122.6571521    11267845.229991
