Results from Hellinger3 using anom21o.tj.19.points
===== Rotation from side 1 to 3
 Fitted rotation--alat,along,rho: 
    -15.972741398570   -133.40231991929    26.392773569506
 conf. level, conf. interval for kappa: 
    0.950000    1.1660676596875    2.0242288064366
 kappahat, degrees of freedom,xchi
     1.5661030347731   102.0000    5.16005
 Number of points, sections
   128  10
 ahat: 
    0.94125246902512   0.17041837437079  -0.29154993951453
    -7.4228867719645D-02   0.94662248357020   0.31368128537808
    0.32944478255266  -0.27361186245520   0.90366071286331
 covariance matrix
     4.0075621570501D-06    1.4882834731688D-05   -3.9334169626686D-06
     1.4882834731688D-05    5.5820432907903D-05   -1.4665425565468D-05
    -3.9334169626686D-06   -1.4665425565468D-05    4.0077269668427D-06
 H11.2 matrix: 
     27787071.913610   -6308307.3402474    4187942.0440197
    -6308307.3402474    1896077.5549961    746952.36877698
     4187942.0440197    746952.36877698    7093122.0801861
