Results from Hellinger3 using anom23o.tj.25.points
===== Rotation from side 1 to 2
 Fitted rotation--alat,along,rho: 
    -13.041550331284   -156.27839572280    32.359176184625
 conf. level, conf. interval for kappa: 
    0.950000   0.53456245349559    1.0053682098806
 kappahat, degrees of freedom,xchi
    0.75174260935115    78.0000    10.8619
 Number of points, sections
   106  11
 ahat: 
    0.96823999709433   0.17505926726872  -0.17850927418515
    -6.6495939406727D-02   0.86856189346315   0.49109930489274
    0.24101783765768  -0.46363184766262   0.85261709563189
 covariance matrix
     8.7720662862363D-07    4.2449633776167D-06   -1.1907429014075D-06
     4.2449633776167D-06    2.2016256194212D-05   -6.1847894776004D-06
    -1.1907429014075D-06   -6.1847894776004D-06    1.9054874893262D-06
 H11.2 matrix: 
     17031335.656940   -3333606.8997145   -177232.77781190
    -3333606.8997145    1167484.8253141    1706219.0799753
    -177232.77781190    1706219.0799753    5952055.4208659
