Results from Hellinger3 using anom23o.tj.25.points
===== Rotation from side 1 to 3
 Fitted rotation--alat,along,rho: 
    -15.984526283607   -138.71015624883    29.366058770917
 conf. level, conf. interval for kappa: 
    0.950000   0.53456245349559    1.0053682098806
 kappahat, degrees of freedom,xchi
    0.75174260935115    78.0000    10.8619
 Number of points, sections
   106  11
 ahat: 
    0.93854833623106   0.19392025043171  -0.28552050194411
    -7.6163392841997D-02   0.92321193740860   0.37666809822050
    0.33663950770626  -0.33177500674215   0.88124865205715
 covariance matrix
     2.2729215616862D-06    8.1848820560029D-06   -1.8829990634733D-06
     8.1848820560029D-06    2.9959928795977D-05   -6.8697826367579D-06
    -1.8829990634733D-06   -6.8697826367579D-06    1.7357880376756D-06
 H11.2 matrix: 
     27309053.854434   -7218336.4172307    1056880.5678200
    -7218336.4172307    2268810.3617175    1148823.0545782
     1056880.5678200    1148823.0545782    6269354.0664272
