Results from Hellinger3 using anom18o.tj.16.points
===== Rotation from side 2 to 3
 Fitted rotation--alat,along,rho: 
     13.797031256321   -43.751733163485    7.0543985856298
 conf. level, conf. interval for kappa: 
    0.950000   0.44932533100058   0.83501926847132
 kappahat, degrees of freedom,xchi
    0.62752315256450    81.0000    12.9908
 Number of points, sections
   125  19
 ahat: 
    0.99615522350722   -3.2854850939983D-02   -8.1211633704712D-02
     2.5722162556414D-02   0.99584423594760   -8.7364913342643D-02
     8.3744498521982D-02    8.4940075933906D-02   0.99286053525540
 covariance matrix
     6.5981757615157D-07    5.6849352718307D-07   -9.3717756424951D-10
     5.6849352718307D-07    5.5552668801264D-07   -7.8956531526959D-08
    -9.3717756424954D-10   -7.8956531526959D-08    6.8003325213766D-07
 H11.2 matrix: 
     14594654.844845   -15183010.231562   -1742738.3723054
    -15183010.231562    17625381.446058    2025503.6131597
    -1742738.3723054    2025503.6131597    1703289.4802519
