Results from Hellinger3 using anom28y.tj.16.points
===== Rotation from side 2 to 3
 Fitted rotation--alat,along,rho: 
     2.7931791257938   -41.121742081052    11.334223729216
 conf. level, conf. interval for kappa: 
    0.950000   0.33944537281651   0.85481528451211
 kappahat, degrees of freedom,xchi
    0.56815734860001    37.0000    15.0951
 Number of points, sections
   61  9
 ahat: 
    0.99153850712334   -1.9216282760778D-02  -0.12838272223503
    -6.1949023691794D-05   0.98891262190896  -0.14849856023361
    0.12981288477627   0.14724999390830   0.98054375437309
 covariance matrix
     1.3837319008567D-05    1.5491272741260D-05   -1.4822522113380D-05
     1.5491272741260D-05    1.7756307172492D-05   -1.7131500318055D-05
    -1.4822522113380D-05   -1.7131500318055D-05    1.8058316011593D-05
 H11.2 matrix: 
     3203555.7299504   -3044744.7813316   -258953.85473055
    -3044744.7813316    3558675.8639529    876862.48452585
    -258953.85473055    876862.48452585    674681.99618585
