Results from Hellinger3 using anom21y.tj.18.points
===== Rotation from side 1 to 2
 Fitted rotation--alat,along,rho: 
    -16.255540087406   -153.35646956204    26.519771325421
 conf. level, conf. interval for kappa: 
    0.950000   0.33810908134001   0.66888925389050
 kappahat, degrees of freedom,xchi
    0.48968445837119    67.0000    16.7959
 Number of points, sections
   93  10
 ahat: 
    0.97225400169358   0.16385652196895  -0.16695267712458
    -8.6117381668937D-02   0.91428171806717   0.39581907051408
    0.21749931670079  -0.37045914783736   0.90302495370743
 covariance matrix
     2.7601789078503D-06    1.3653770166785D-05   -4.6775050291930D-06
     1.3653770166785D-05    6.9186505053174D-05   -2.3682709983143D-05
    -4.6775050291930D-06   -2.3682709983143D-05    8.3321724878590D-06
 H11.2 matrix: 
     15248404.794433   -2921605.2270604    255990.96016510
    -2921605.2270604    1093787.7178281    1468768.7010064
     255990.96016510    1468768.7010064    4438436.9425548
