Results from Hellinger3 using anom27y.tj.13.points
===== Rotation from side 2 to 3
 Fitted rotation--alat,along,rho: 
     4.8414798957382   -41.980234903613    11.002734059494
 conf. level, conf. interval for kappa: 
    0.950000   0.73229382261457    1.7400414487939
 kappahat, degrees of freedom,xchi
     1.1829965767345    42.0000    7.16922
 Number of points, sections
   66  9
 ahat: 
    0.99170370417821   -2.5182929517066D-02  -0.12605388998422
     7.0332467993530D-03   0.98978343435868  -0.14240535983097
    0.12835223628233   0.14033735472093   0.98174901594616
 covariance matrix
     1.2865416527056D-05    1.3789915427932D-05   -1.3839243833478D-05
     1.3789915427932D-05    1.5225298227971D-05   -1.5344807802586D-05
    -1.3839243833478D-05   -1.5344807802586D-05    1.6595448628912D-05
 H11.2 matrix: 
     2684632.6065382   -2572577.6707491   -139943.47014122
    -2572577.6707491    3429629.3924817    1025852.0017356
    -139943.47014122    1025852.0017356    892099.41384475
