Results from Hellinger3 using anom24o.tj.22.points
===== Rotation from side 1 to 3
 Fitted rotation--alat,along,rho: 
    -15.766560362031   -141.17140649251    31.308974646530
 conf. level, conf. interval for kappa: 
    0.950000   0.58271487309002    1.1990281504340
 kappahat, degrees of freedom,xchi
    0.86366997957969    60.0000    9.58032
 Number of points, sections
   86  10
 ahat: 
    0.93622804162675   0.20707623195346  -0.28389520642606
    -7.5322530183294D-02   0.90739794187725   0.41346764265625
    0.34322524749576  -0.36571629610517   0.86512890383144
 covariance matrix
     4.0531362084009D-06    1.4710031279798D-05   -3.1108503709425D-06
     1.4710031279798D-05    5.4130601092183D-05   -1.1385572730756D-05
    -3.1108503709425D-06   -1.1385572730756D-05    2.5846055385035D-06
 H11.2 matrix: 
     18455252.431016   -4671413.1932119    1634606.9607915
    -4671413.1932119    1433976.5792690    694333.09872778
     1634606.9607915    694333.09872778    5412972.0983883
