Results from Hellinger3 using anom20o.tj.23.points
===== Rotation from side 2 to 3
 Fitted rotation--alat,along,rho: 
     11.949013996344   -42.318891754146    7.8710932138398
 conf. level, conf. interval for kappa: 
    0.950000   0.45032817805921   0.81310120610929
 kappahat, degrees of freedom,xchi
    0.61857028146515    89.0000    13.1287
 Number of points, sections
   119  12
 ahat: 
    0.99550876190607   -3.2842214003731D-02   -8.8790168079446D-02
     2.3864211425856D-02   0.99466606383888   -1.0034899531279D-01
     9.1612250170297D-02    9.7779396738772D-02   0.99098253526091
 covariance matrix
     7.4387297717166D-07    6.6491007388406D-07   -3.3762776694276D-07
     6.6491007388406D-07    6.8739242766531D-07   -3.8060885307347D-07
    -3.3762776694276D-07   -3.8060885307347D-07    5.4483120737961D-07
 H11.2 matrix: 
    10212467.2728409  -10395233.2365006   -933326.27129796
   -10395233.2365006    12953714.229637    2607374.3799056
    -933326.27129796    2607374.3799056    3078518.4195461
