Results from Hellinger3 using anom21y.tj.18.points
===== Rotation from side 2 to 3
 Fitted rotation--alat,along,rho: 
     11.370755173867   -40.746852327739    8.4956076795301
 conf. level, conf. interval for kappa: 
    0.950000   0.33810908134001   0.66888925389050
 kappahat, degrees of freedom,xchi
    0.48968445837119    67.0000    16.7959
 Number of points, sections
   93  10
 ahat: 
    0.99508032765799   -3.4341843158997D-02   -9.2928893873284D-02
     2.3911570536685D-02   0.99352034133305  -0.11111061223811
     9.6142489579470D-02   0.10834190863143   0.98945371419363
 covariance matrix
     1.3232982052024D-06    1.2551705425636D-06   -3.5976246503172D-07
     1.2551705425636D-06    1.3049304957161D-06   -4.4712058383636D-07
    -3.5976246503172D-07   -4.4712058383636D-07    8.5839873064316D-07
 H11.2 matrix: 
     9175962.8345410   -9139524.8980276   -914846.06391572
    -9139524.8980276   10036036.6361880    1397090.3157601
    -914846.06391572    1397090.3157601    1509252.6541893
