Results from Hellinger3 using anom21o.tj.19.points
===== Rotation from side 2 to 3
 Fitted rotation--alat,along,rho: 
     9.4423698381917   -41.347573472415    8.8202693118605
 conf. level, conf. interval for kappa: 
    0.950000    1.1660676596875    2.0242288064366
 kappahat, degrees of freedom,xchi
     1.5661030347731   102.0000    5.16005
 Number of points, sections
   128  10
 ahat: 
    0.99465954083233   -3.0862577897843D-02   -9.8488065859362D-02
     1.9448457036526D-02   0.99319637555488  -0.11481601414244
     1.0136150822732D-01   0.11228740298964   0.98849248038603
 covariance matrix
     1.2345436640979D-06    1.2551293807136D-06   -6.2243669694012D-07
     1.2551293807136D-06    1.3507938897313D-06   -6.9807448444571D-07
    -6.2243669694012D-07   -6.9807448444571D-07    9.0116572273119D-07
 H11.2 matrix: 
     14917899.193333   -14235157.446255   -723232.45289338
    -14235157.446255    14818167.920683    1646423.6410310
    -723232.45289338    1646423.6410310    1885513.2551462
