Results from Hellinger3 using anom25y.tj.16.points
===== Rotation from side 2 to 3
 Fitted rotation--alat,along,rho: 
     8.5259851258884   -42.365252048291   10.4236403966115
 conf. level, conf. interval for kappa: 
    0.950000   0.34230853802513   0.85127230499947
 kappahat, degrees of freedom,xchi
    0.56855684187944    38.0000    15.0473
 Number of points, sections
   62  9
 ahat: 
    0.99230824830177   -3.4859629700005D-02  -0.11878192863164
     1.8787492418405D-02   0.99082591117353  -0.13383214814004
    0.12235755179351   0.13057112990369   0.98385964931731
 covariance matrix
     7.3604541400834D-06    7.8787103333435D-06   -6.8399097437497D-06
     7.8787103333435D-06    8.8255952525053D-06   -7.9085470646458D-06
    -6.8399097437497D-06   -7.9085470646458D-06    8.4064674077912D-06
 H11.2 matrix: 
     3444519.7575679   -3589851.7359267   -574594.16923126
    -3589851.7359267    4463088.9882119    1277859.8820044
    -574594.16923126    1277859.8820044    853609.77613227
