Results from Hellinger3 using anom13o.tj.11.points
===== Rotation from side 2 to 3
 Fitted rotation--alat,along,rho: 
     12.694301758044   -44.605867028735    5.6737377452722
 conf. level, conf. interval for kappa: 
    0.950000   0.44780418315530   0.74275980199891
 kappahat, degrees of freedom,xchi
    0.58611700355979    121.000    13.7150
 Number of points, sections
   171  22
 ahat: 
    0.99746428060234   -2.4056203331379D-02   -6.6979907462944D-02
     1.9394206228880D-02   0.99740013756339   -6.9403388629632D-02
     6.8475350946285D-02    6.7928378972293D-02   0.99533756165583
 covariance matrix
     5.7060601199221D-07    5.1185403636095D-07   -2.3497514708642D-07
     5.1185403636095D-07    5.6265159374591D-07   -2.5263173505670D-07
    -2.3497514708642D-07   -2.5263173505670D-07    3.9924743008167D-07
 H11.2 matrix: 
     9535565.3924302   -8597500.4544036    171871.92332768
    -8597500.4544036   10234377.5748344    1415988.1504837
     171871.92332768    1415988.1504837    3501861.4232642
