Results from Hellinger3 using anom22o.tj.25.points
===== Rotation from side 1 to 3
 Fitted rotation--alat,along,rho: 
    -18.473631189313   -137.57056311176    26.153331601686
 conf. level, conf. interval for kappa: 
    0.950000   0.93515021339664    1.7811957496592
 kappahat, degrees of freedom,xchi
     1.3247770217190    75.0000    6.17445
 Number of points, sections
   101  10
 ahat: 
    0.94779559197885   0.18553355517432  -0.25934690229465
    -9.3801511607027D-02   0.93954235231364   0.32933485182894
    0.30477006454980  -0.28781498938264   0.90789742792949
 covariance matrix
     3.6620622309636D-06    1.3493118513257D-05   -3.3213045667373D-06
     1.3493118513257D-05    5.0543779618752D-05   -1.2400178328417D-05
    -3.3213045667373D-06   -1.2400178328417D-05    3.2181912269758D-06
 H11.2 matrix: 
     16872171.299336   -4246277.1289701    1051219.6813526
    -4246277.1289701    1430467.7758872    1129477.9078091
     1051219.6813526    1129477.9078091    5747684.6149204
