Results from Hellinger3 using anom29o.tj.16.points
===== Rotation from side 1 to 3
 Fitted rotation--alat,along,rho: 
    -15.830083808104   -152.42953259537    42.729431243788
 conf. level, conf. interval for kappa: 
    0.950000   0.38713757227333   0.91041967001853
 kappahat, degrees of freedom,xchi
    0.62149230948922    43.0000    13.6203
 Number of points, sections
   71  11
 ahat: 
    0.92761844903750   0.28589366863891  -0.24039305987788
    -8.4296396866691D-02   0.78719626208732   0.61091420218477
    0.36389302065381  -0.54643101594615   0.75431758187881
 covariance matrix
     7.8125441517339D-06    2.9588793541378D-05   -2.6847174712864D-06
     2.9588793541378D-05    1.1405590227560D-04   -1.0332151185679D-05
    -2.6847174712864D-06   -1.0332151185679D-05    1.1177360323743D-06
 H11.2 matrix: 
     7330827.7828646   -1886029.7575591    173973.84196717
    -1886029.7575591    539142.05311718    453631.40061118
     173973.84196717    453631.40061118    5505824.8535565
