Results from Hellinger3 using anom29o.tj.16.points
===== Rotation from side 1 to 2
 Fitted rotation--alat,along,rho: 
    -9.7047609664788   -164.49708765924    48.363376015194
 conf. level, conf. interval for kappa: 
    0.950000   0.38713757227333   0.91041967001853
 kappahat, degrees of freedom,xchi
    0.62149230948922    43.0000    13.6203
 Number of points, sections
   71  11
 ahat: 
    0.96716909421810   0.20996646401938  -0.14317132106864
    -4.2004976237397D-02   0.68769859495661   0.72478012146167
    0.25063823563183  -0.69497102564201   0.67394046351103
 covariance matrix
     1.4155288325905D-06    8.1563735654811D-06   -1.0437516006005D-06
     8.1563735654811D-06    5.0800177447773D-05   -6.6858513512261D-06
    -1.0437516006005D-06   -6.6858513512261D-06    1.0923256913931D-06
 H11.2 matrix: 
     9823112.4667868   -1758051.7683013   -1374300.2131723
    -1758051.7683013    415877.72569442    865609.32753495
    -1374300.2131723    865609.32753495    4900468.1361127
