Results from Hellinger3 using anom13o.tj.11.points
===== Rotation from side 1 to 2
 Fitted rotation--alat,along,rho: 
    -16.578928647818   -149.67354133665    19.886547853020
 conf. level, conf. interval for kappa: 
    0.950000   0.44780418315530   0.74275980199891
 kappahat, degrees of freedom,xchi
    0.58611700355979    121.000    13.7150
 Number of points, sections
   171  22
 ahat: 
    0.98117955418829   0.12093313981003  -0.15053856030452
    -7.3185888716058D-02   0.95433343040959   0.28964034473035
    0.17869109696824  -0.27317188599554   0.94522304910848
 covariance matrix
     2.8959272546632D-07    1.2575614140499D-06   -5.4956964684376D-07
     1.2575614140499D-06    6.7563244237942D-06   -2.9185307974111D-06
    -5.4956964684376D-07   -2.9185307974111D-06    1.3243210167260D-06
 H11.2 matrix: 
     18218432.175955   -2606467.4687493    1816207.4954742
    -2606467.4687493    3454721.1713455    6531856.4150822
     1816207.4954742    6531856.4150822    15903664.109807
