Results from Hellinger1 using C96.hell 
# Whittaker et al. 2007 Science QZB.hell
 Fitted rotation--alat,along,rho: 
  -12.9271997698182        46.8150212951631        29.1217467978179     
 conf. level, conf. interval for kappa: 
  0.9500000       1.24288471826979        3.47749481314850     
 kappahat, degrees of freedom,xchi
   2.22065784916830        30.00000       3.947852    
 Number of points, sections, misfit, reduced misfit
          47           7   13.5095102612209       0.671056635990856     
 ahat: 
  0.929828932400271       0.168796089430660       0.326995468874248     
 -4.895121062002646E-002  0.937432022089686      -0.344709998316957     
 -0.364721723304502       0.304514505654098       0.879914189223037     
 covariance matrix
  7.306271659801998E-006 -1.069316564640654E-005  2.194143949023319E-005
 -1.069316564640654E-005  1.788037964204668E-005 -3.802201591324745E-005
  2.194143949023319E-005 -3.802201591324745E-005  8.673734029579372E-005
 H11.2 matrix: 
   1244797.86738680        1103027.13178063        168631.618430860     
   1103027.13178063        1801722.90012491        510773.486490108     
   168631.618430860        510773.486490108        192772.998600487     
