Results from Hellinger1 using C20.hell 
# Whittaker et al. 2007 Science C20.hell
 Fitted rotation--alat,along,rho: 
   14.9201488512584        32.4962214009353        24.5116382360112     
 conf. level, conf. interval for kappa: 
  0.9500000      0.455367309143251        1.09370648644042     
 kappahat, degrees of freedom,xchi
  0.740448310981551        41.00000       11.47717    
 Number of points, sections, misfit, reduced misfit
          58           7   55.3718597124621        1.16212441834710     
 ahat: 
  0.969737669981781      -6.868985022704899E-002  0.234287336179514     
  0.144949631457613       0.934164902752430      -0.326075970911452     
 -0.196464897013715       0.350168015303125       0.915851464649187     
 covariance matrix
  6.318967710222871E-007 -9.956274439217622E-007  1.680524574284737E-006
 -9.956274439217622E-007  1.874270033693945E-006 -3.097462376474032E-006
  1.680524574284737E-006 -3.097462376474032E-006  6.763072804979836E-006
 H11.2 matrix: 
   9778909.72367225        4849354.50709107       -208929.432698608     
   4849354.50709107        4599488.81670608        901555.301561378     
  -208929.432698608        901555.301561378        612686.687298023     
