Results from Hellinger1 using C33.hell 
# Whittaker et al. 2013 Gcubed C33o.hell 
 Fitted rotation--alat,along,rho: 
  4.43405447  36.6878818  26.1340571
 conf. level, conf. interval for kappa: 
  0.949999988  0.0276347171  0.0467680522
 kappahat, degrees of freedom,xchi
  0.0365834216  112.  220.235016
 Number of points, sections, misfit, reduced misfit
 121 3  3061.49603  5.22826797
 ahat: 
  0.963114281  0.0146339992  0.268694488
  0.082741348  0.934040572 -0.347450831
 -0.256056148  0.356867001  0.898376977
 covariance matrix
  1.19560632E-07 -1.3897954E-07  3.1187402E-07
 -1.3897954E-07  2.76631459E-07 -6.39882468E-07
  3.1187402E-07 -6.39882468E-07  2.45180395E-06
 H11.2 matrix: 
  20144044.4  10580846.  199075.353
  10580846.  14679099.6  2485112.03
  199075.353  2485112.03  1031115.55
