Results from Hellinger1 using C24.hell 
# Whittaker et al. 2013 Gcubed C24.hell 
 Fitted rotation--alat,along,rho: 
  10.3117403  35.2496179  25.2326173
 conf. level, conf. interval for kappa: 
  0.949999988  0.0824442056  0.141608692
 kappahat, degrees of freedom,xchi
  0.110062295  106.  73.3302689
 Number of points, sections, misfit, reduced misfit
 115 3  963.090947  3.01426005
 ahat: 
  0.966179063 -0.0327782067  0.255780389
  0.119838412  0.93534812 -0.332810231
 -0.228334784  0.352206593  0.907641858
 covariance matrix
  3.77024063E-07 -2.80600973E-07  4.35597227E-07
 -2.80600973E-07  5.88956339E-07 -1.15286391E-06
  4.35597227E-07 -1.15286391E-06  4.34362195E-06
 H11.2 matrix: 
  4216850.75  2458664.07  229683.106
  2458664.07  4967502.55  1071885.91
  229683.106  1071885.91  491683.964
