Results from Hellinger3 using anom28y.iotj.chang.points
===== Rotation from side 1 to 3
 Fitted rotation--alat,along,rho: 
    -11.974387833963   -145.77061630583    43.578783465442
 conf. level, conf. interval for kappa: 
    0.950000   0.50996747579569    1.0037413362578
 kappahat, degrees of freedom,xchi
    0.73638404565544    68.0000    11.1606
 Number of points, sections
   100  13
 ahat: 
    0.90469589068135   0.26566845626295  -0.33308499925866
    -2.0377083799338D-02   0.80786907874379   0.58900961457814
    0.42557034652348  -0.52608727693845   0.73628938414415
 covariance matrix
     7.8921950944301D-06    3.1568734017636D-05   -4.1482429655164D-06
     3.1568734017636D-05    1.2829698590730D-04   -1.6915875306107D-05
    -4.1482429655164D-06   -1.6915875306107D-05    2.3983415920533D-06
 H11.2 matrix: 
     8115647.0993179   -2086581.6712720   -679919.56704172
    -2086581.6712720    647748.33089009    959655.73164064
    -679919.56704172    959655.73164064    6009546.4215283
