Results from Hellinger3 using anom28y.iotj.chang.points
===== Rotation from side 1 to 2
 Fitted rotation--alat,along,rho: 
    -6.7937238325341   -158.62628846550    47.303735241221
 conf. level, conf. interval for kappa: 
    0.950000   0.50996747579569    1.0037413362578
 kappahat, degrees of freedom,xchi
    0.73638404565544    68.0000    11.1606
 Number of points, sections
   100  13
 ahat: 
    0.95333955175035   0.19465704230320  -0.23076467439844
     2.0772847200185D-02   0.72026778107055   0.69338503904462
    0.30118464085615  -0.66582502163367   0.68261618254981
 covariance matrix
     7.5230709396803D-06    3.1443193530278D-05   -4.4853670536616D-06
     3.1443193530278D-05    1.3385808383850D-04   -1.9175802627530D-05
    -4.4853670536616D-06   -1.9175802627530D-05    2.9153495418852D-06
 H11.2 matrix: 
     7411119.5131566   -1860826.0027605   -837375.01214737
    -1860826.0027605    596615.58096618    1061311.8376664
    -837375.01214737    1061311.8376664    6035493.0966287
