Results from Hellinger3 using anom28y.iotj.chang.points
===== Rotation from side 2 to 3
 Fitted rotation--alat,along,rho: 
     3.3562921557046   -43.196362714407    11.188171219988
 conf. level, conf. interval for kappa: 
    0.950000   0.50996747579569    1.0037413362578
 kappahat, degrees of freedom,xchi
    0.73638404565544    68.0000    11.1606
 Number of points, sections
   100  13
 ahat: 
    0.99106086222287   -2.0810616223429D-02  -0.13177740937832
     1.9085135755570D-03   0.98986923329607  -0.14196921690909
    0.13339687007570   0.14044863554428   0.98106037318187
 covariance matrix
     8.2937306480831D-07    8.7328872880177D-07   -1.2391055992475D-06
     8.7328872880177D-07    1.0348485305240D-06   -1.3775639498620D-06
    -1.2391055992475D-06   -1.3775639498620D-06    2.2270174839632D-06
 H11.2 matrix: 
     12903535.068537   -7542867.2560724    2513703.0055950
    -7542867.2560724    9881794.2737217    1915743.6036199
     2513703.0055950    1915743.6036199    3032667.1628032
