Results from Hellinger3 using anom21y.tj.22.points
===== Rotation from side 1 to 2
 Fitted rotation--alat,along,rho: 
    -15.432038495255   -152.50529060692    26.803602051023
 conf. level, conf. interval for kappa: 
    0.950000   0.38456010177851   0.73247785111276
 kappahat, degrees of freedom,xchi
    0.54478561733482    75.0000    15.0147
 Number of points, sections
   105  12
 ahat: 
    0.97111393264722   0.16087595669414  -0.17622898846727
    -7.9106583786173D-02   0.91383589366635   0.39830403945818
    0.22512191856888  -0.37285772890577   0.90016511583992
 covariance matrix
     1.6138135252686D-06    7.5013208092908D-06   -2.5213849427988D-06
     7.5013208092908D-06    3.6150368034782D-05   -1.2112388787929D-05
    -2.5213849427988D-06   -1.2112388787929D-05    4.2773022485745D-06
 H11.2 matrix: 
     17552904.122175   -3426773.0445983    643214.01481292
    -3426773.0445983    1209323.4830527    1404526.0051637
     643214.01481292    1404526.0051637    4590266.0200804
