Results from Hellinger3 using anom24o.tj.26.points
===== Rotation from side 1 to 2
 Fitted rotation--alat,along,rho: 
    -13.269726833869   -158.67149587107    34.305346020892
 conf. level, conf. interval for kappa: 
    0.950000   0.76206082305561    1.4999230051878
 kappahat, degrees of freedom,xchi
     1.1004023953520    68.0000    7.46864
 Number of points, sections
   98  12
 ahat: 
    0.96903524755456   0.18519818707650  -0.16331662652790
    -7.3535674981183D-02   0.84784541174641   0.52511966472951
    0.23571846236970  -0.49684986593955   0.83521076215164
 covariance matrix
     1.1307796600621D-06    5.1083915430318D-06   -1.2849193536204D-06
     5.1083915430318D-06    2.4425892894136D-05   -6.1187808901562D-06
    -1.2849193536204D-06   -6.1187808901562D-06    1.7321977300751D-06
 H11.2 matrix: 
     16056293.436500   -3252149.0941692    422500.52746173
    -3252149.0941692    1014326.6778508    1170590.0230940
     422500.52746173    1170590.0230940    5025675.0814400
