Results from Hellinger3 using anom20y.tj.20.points
===== Rotation from side 2 to 3
 Fitted rotation--alat,along,rho: 
     11.964392476928   -42.919276902997    7.5344037989624
 conf. level, conf. interval for kappa: 
    0.950000   0.57979434132597    1.1245677125667
 kappahat, degrees of freedom,xchi
    0.83007933789504    71.0000    9.87973
 Number of points, sections
   105  14
 ahat: 
    0.99579743631432   -3.1302417084438D-02   -8.6067557851354D-02
     2.3061539929205D-02   0.99519783896524   -9.5128474680311D-02
     8.8631998769733D-02    9.2743840785148D-02   0.99173733860862
 covariance matrix
     3.6922262156256D-07    3.2369488378854D-07   -2.3308701811808D-07
     3.2369488378854D-07    4.1245829231376D-07   -3.7799072271509D-07
    -2.3308701811808D-07   -3.7799072271509D-07    8.6713705054243D-07
 H11.2 matrix: 
     9308281.7455816   -8346263.0163254   -1136118.3944501
    -8346263.0163254    11520979.978839    2778589.5991591
    -1136118.3944501    2778589.5991591    2059036.2743772
