Results from Hellinger3 using anom24o.tj.26.points
===== Rotation from side 1 to 3
 Fitted rotation--alat,along,rho: 
    -16.011819902116   -141.40032991376    31.121069549661
 conf. level, conf. interval for kappa: 
    0.950000   0.76206082305561    1.4999230051878
 kappahat, degrees of freedom,xchi
     1.1004023953520    68.0000    7.46864
 Number of points, sections
   98  12
 ahat: 
    0.93729400574625   0.20739900782843  -0.28011711540698
    -7.7731299655365D-02   0.90783265488588   0.41206518389296
    0.33976137485893  -0.36445235940330   0.86702750007098
 covariance matrix
     1.4580656333642D-06    5.5067048696952D-06   -1.2022312519989D-06
     5.5067048696952D-06    2.1497599084140D-05   -4.6143436643137D-06
    -1.2022312519989D-06   -4.6143436643137D-06    1.1829875167225D-06
 H11.2 matrix: 
     22041069.407988   -5148433.0739549    2317710.7915810
    -5148433.0739549    1488389.0569320    573405.43747546
     2317710.7915810    573405.43747546    5437347.3965749
