Results from Hellinger3 using anom22o.tj.29.points
===== Rotation from side 2 to 3
 Fitted rotation--alat,along,rho: 
     9.8759557734620   -41.269794562985    9.2501555535840
 conf. level, conf. interval for kappa: 
    0.950000    1.0071086134989    1.8574239057984
 kappahat, degrees of freedom,xchi
     1.4003613708874    83.0000    5.81542
 Number of points, sections
   113  12
 ahat: 
    0.99412608677724   -3.3827669244432D-02   -1.0280570209115D-01
     2.1312991839990D-02   0.99248729446632  -0.12047707957017
    0.10610881192339   0.11757831056967   0.98737847906251
 covariance matrix
     3.2896998555074D-07    3.4066201909003D-07   -5.3677225386536D-07
     3.4066201909003D-07    5.2664243019583D-07   -7.3370552258326D-07
    -5.3677225386536D-07   -7.3370552258326D-07    1.5165670476068D-06
 H11.2 matrix: 
     9921368.1706194   -4679527.0684273    1247633.7951390
    -4679527.0684273    8031931.0334479    2229530.0890525
     1247633.7951390    2229530.0890525    2179602.7736030
