Results from Hellinger3 using anom20o.tj.27.points
===== Rotation from side 1 to 2
 Fitted rotation--alat,along,rho: 
    -16.707273694996   -151.80897366124    25.229274535989
 conf. level, conf. interval for kappa: 
    0.950000   0.52614409276715   0.92639910027196
 kappahat, degrees of freedom,xchi
    0.71237997344636    97.0000    11.3636
 Number of points, sections
   131  14
 ahat: 
    0.97258709051327   0.15897243801712  -0.16971185968527
    -8.6101202376756D-02   0.92413864823193   0.37222888360971
    0.21601142172630  -0.34741261173847   0.91249303717280
 covariance matrix
     3.3905655437419D-07    1.5834693834298D-06   -5.3298521042219D-07
     1.5834693834298D-06    8.8136300361220D-06   -2.9638977138339D-06
    -5.3298521042219D-07   -2.9638977138339D-06    1.1677008797457D-06
 H11.2 matrix: 
     18326164.540872   -3274948.0788291    52208.182197742
    -3274948.0788291    1360098.8089350    1957431.8210430
     52208.182197742    1957431.8210430    5848632.9905283
