Results from Hellinger3 using anom25y.tj.19.points
===== Rotation from side 2 to 3
 Fitted rotation--alat,along,rho: 
     8.9725433229663   -43.711670519804   10.4302616426891
 conf. level, conf. interval for kappa: 
    0.950000   0.40657797053963   0.92883323299394
 kappahat, degrees of freedom,xchi
    0.64137697151796    46.0000    13.1289
 Number of points, sections
   74  11
 ahat: 
    0.99189942322232   -3.6287878487330D-02  -0.12173218180131
     2.0182096114269D-02   0.99117463847375  -0.13101724711983
    0.12541218923077   0.12749912125702   0.98387791766613
 covariance matrix
     1.1386815239642D-06    1.3369794702822D-06   -1.8881943356256D-06
     1.3369794702822D-06    1.8656319973458D-06   -2.4550339706205D-06
    -1.8881943356256D-06   -2.4550339706205D-06    3.7762691542161D-06
 H11.2 matrix: 
     6660631.1432149   -2703763.2448571    1572646.2122119
    -2703763.2448571    4807272.6040045    1773387.1267030
     1572646.2122119    1773387.1267030    2204076.8200185
