Results from Hellinger3 using anom25y.tj.19.points
===== Rotation from side 1 to 2
 Fitted rotation--alat,along,rho: 
    -12.416288237894   -160.73473594795    37.471181625514
 conf. level, conf. interval for kappa: 
    0.950000   0.40657797053963   0.92883323299394
 kappahat, degrees of freedom,xchi
    0.64137697151796    46.0000    13.1289
 Number of points, sections
   74  11
 ahat: 
    0.96903660606698   0.19210266371620  -0.15512776249059
    -6.9508912751838D-02   0.81508358236683   0.57515846929704
    0.23693156638627  -0.54656684892994   0.80319867560931
 covariance matrix
     2.2236406755278D-06    1.0005139617493D-05   -2.2157331307965D-06
     1.0005139617493D-05    4.6857848326667D-05   -1.0388392083406D-05
    -2.2157331307965D-06   -1.0388392083406D-05    2.5563235033299D-06
 H11.2 matrix: 
     11453533.774014   -2469717.0852300   -108912.33770443
    -2469717.0852300    747991.72228855    899024.44422395
    -108912.33770443    899024.44422395    3950242.4990447
