Results from Hellinger3 using anom26y.tj.20.points
===== Rotation from side 1 to 2
 Fitted rotation--alat,along,rho: 
    -12.035003140999   -161.48999477115    39.495361830869
 conf. level, conf. interval for kappa: 
    0.950000    1.4919105068263    3.3201051139173
 kappahat, degrees of freedom,xchi
     2.3167118968119    49.0000    3.61802
 Number of points, sections
   75  10
 ahat: 
    0.96806168012759   0.19836299050228  -0.15332549516485
    -6.6867309622387D-02   0.79368775918284   0.60463915174854
    0.24163059899859  -0.57507552975441   0.78160270515477
 covariance matrix
     2.3438658252873D-06    1.0876228011743D-05   -2.1639358023852D-06
     1.0876228011743D-05    5.2446405496567D-05   -1.0462661183719D-05
    -2.1639358023852D-06   -1.0462661183719D-05    2.3037217359451D-06
 H11.2 matrix: 
     11335150.194195   -2411128.9045789   -303112.76633481
    -2411128.9045789    715765.46175712    985919.13995073
    -303112.76633481    985919.13995073    4627043.7884474
