Results from Hellinger3 using anom24o.tj.26.points
===== Rotation from side 2 to 3
 Fitted rotation--alat,along,rho: 
     10.889750629791   -43.775671000288   10.0113332747450
 conf. level, conf. interval for kappa: 
    0.950000   0.76206082305561    1.4999230051878
 kappahat, degrees of freedom,xchi
     1.1004023953520    68.0000    7.46864
 Number of points, sections
   98  12
 ahat: 
    0.99242863146201   -4.0177255907788D-02  -0.11606549686349
     2.5507496906445D-02   0.99180130587845  -0.12521795901296
    0.12014482534015   0.12130934739551   0.98531683390596
 covariance matrix
     6.3193283360153D-07    6.3916173037142D-07   -9.3519042385583D-07
     6.3916173037142D-07    8.7315518603271D-07   -1.1094400179306D-06
    -9.3519042385583D-07   -1.1094400179306D-06    1.8743244056814D-06
 H11.2 matrix: 
     7606657.3811641   -3008375.1783333    2014625.2789427
    -3008375.1783333    5809550.4040276    1937735.0234897
     2014625.2789427    1937735.0234897    2685692.5260493
