Results from Hellinger3 using anom20o.tj.27.points
===== Rotation from side 1 to 3
 Fitted rotation--alat,along,rho: 
    -17.691567157881   -132.67203901822    23.507452673890
 conf. level, conf. interval for kappa: 
    0.950000   0.52614409276715   0.92639910027196
 kappahat, degrees of freedom,xchi
    0.71237997344636    97.0000    11.3636
 Number of points, sections
   131  14
 ahat: 
    0.95161468739877   0.15875267011390  -0.26311038835184
    -8.3673805064523D-02   0.95772914828955   0.27523366956570
    0.29568256809115  -0.23990095507997   0.92467256403483
 covariance matrix
     5.8165115297764D-07    2.1114902738728D-06   -6.3072905158944D-07
     2.1114902738728D-06    8.3193569740737D-06   -2.3515008177956D-06
    -6.3072905158944D-07   -2.3515008177956D-06    8.3417053298178D-07
 H11.2 matrix: 
     25665538.392584   -5062889.3512227    5133976.8905165
    -5062889.3512227    1590250.0561857    654737.71516364
     5133976.8905165    654737.71516364    6926359.0827569
