Results from Hellinger3 using anom23o.tj.29.points
===== Rotation from side 1 to 3
 Fitted rotation--alat,along,rho: 
    -15.901079040272   -138.65524938206    29.414886157270
 conf. level, conf. interval for kappa: 
    0.950000   0.61773620570383    1.1269532475124
 kappahat, degrees of freedom,xchi
    0.85357493575518    86.0000    9.52692
 Number of points, sections
   118  13
 ahat: 
    0.93829099449727   0.19369239710951  -0.28651922264884
    -7.5424624872934D-02   0.92311851615816   0.37704552919871
    0.33752205203231  -0.33216781967544   0.88076296695761
 covariance matrix
     1.0194177962389D-06    3.7757999480182D-06   -9.0412347504984D-07
     3.7757999480182D-06    1.4450494642414D-05   -3.4260851482154D-06
    -9.0412347504984D-07   -3.4260851482154D-06    9.7317539190162D-07
 H11.2 matrix: 
     30924160.519757   -7673975.2881519    1713531.5211306
    -7673975.2881519    2322937.8421010    1048486.8858896
     1713531.5211306    1048486.8858896    6310732.3432587
