Results from Hellinger3 using anom21o.tj.31.points
===== Rotation from side 1 to 3
 Fitted rotation--alat,along,rho: 
    -16.442949571577   -133.75170220127    26.075320991994
 conf. level, conf. interval for kappa: 
    0.950000    1.2074825391325    2.2187587333681
 kappahat, degrees of freedom,xchi
     1.6754030796214    84.0000    4.85835
 Number of points, sections
   114  12
 ahat: 
    0.94299168598837   0.17118937427020  -0.28541352156790
    -7.7650416999600D-02   0.94707011658014   0.31149415246626
    0.32363110619438  -0.27157391704261   0.90637217228109
 covariance matrix
     1.6424841911900D-06    6.3645309284150D-06   -1.6567154903573D-06
     6.3645309284150D-06    2.5330300397404D-05   -6.4993605846557D-06
    -1.6567154903573D-06   -6.4993605846557D-06    1.8442302753723D-06
 H11.2 matrix: 
     24907856.444702   -5401556.8655513    3339369.2197958
    -5401556.8655513    1583672.6981634    728768.52754317
     3339369.2197958    728768.52754317    6110361.7634924
