Results from Hellinger3 using anom26y.tj.20.points
===== Rotation from side 2 to 3
 Fitted rotation--alat,along,rho: 
     9.2400084929735   -45.068350388262    10.689710306288
 conf. level, conf. interval for kappa: 
    0.950000    1.4919105068263    3.3201051139173
 kappahat, degrees of freedom,xchi
     2.3167118968119    49.0000    3.61802
 Number of points, sections
   75  10
 ahat: 
    0.99107917750802   -3.8237432879798D-02  -0.12767130702234
     2.1331038071948D-02   0.99111951419081  -0.13125203009835
    0.13155626448331   0.12735779252534   0.98309355707291
 covariance matrix
     1.5070289811703D-06    1.7573878076780D-06   -2.3440685019336D-06
     1.7573878076780D-06    2.2433353958573D-06   -2.9066889435713D-06
    -2.3440685019336D-06   -2.9066889435713D-06    4.2205553188580D-06
 H11.2 matrix: 
     8303071.4033864   -4917539.4292320    1224770.2652687
    -4917539.4292320    7053159.6829771    2126329.6667561
     1224770.2652687    2126329.6667561    2381564.4090145
