Results from Hellinger3 using anom21o.tj.31.points
===== Rotation from side 1 to 2
 Fitted rotation--alat,along,rho: 
    -14.313262782803   -152.65251952003    28.235542915768
 conf. level, conf. interval for kappa: 
    0.950000    1.2074825391325    2.2187587333681
 kappahat, degrees of freedom,xchi
     1.6754030796214    84.0000    4.85835
 Number of points, sections
   114  12
 ahat: 
    0.96915112642596   0.16254619721021  -0.18526960873222
    -7.1375207442582D-02   0.90458642864296   0.42027249835971
    0.23590607009956  -0.39408390843509   0.88828272481384
 covariance matrix
     1.2733653543524D-06    5.9537099390654D-06   -1.9028605011747D-06
     5.9537099390654D-06    2.9057795489494D-05   -9.2815105902507D-06
    -1.9028605011747D-06   -9.2815105902507D-06    3.1210760737386D-06
 H11.2 matrix: 
     18695330.006389   -3786497.7565399    137832.58982952
    -3786497.7565399    1453588.7703386    2014152.2982908
     137832.58982952    2014152.2982908    6394157.5297841
