Results from Hellinger3 using anom22o.tj.29.points
===== Rotation from side 1 to 2
 Fitted rotation--alat,along,rho: 
    -15.008293653599   -155.89853758491    29.395240496234
 conf. level, conf. interval for kappa: 
    0.950000    1.0071086134989    1.8574239057984
 kappahat, degrees of freedom,xchi
     1.4003613708874    83.0000    5.81542
 Number of points, sections
   113  12
 ahat: 
    0.97133739661416   0.17187740564602  -0.16420054618431
    -8.2332865765038D-02   0.89128356264336   0.44590908285959
    0.22299094410704  -0.41960906614391   0.87988821475008
 covariance matrix
     1.1995669306073D-06    5.5993936670543D-06   -1.7345616791435D-06
     5.5993936670543D-06    2.7234106281218D-05   -8.4397582635187D-06
    -1.7345616791435D-06   -8.4397582635187D-06    2.8801577043260D-06
 H11.2 matrix: 
     20696537.309692   -4271528.8486046   -52514.620740105
    -4271528.8486046    1281117.1715879    1181563.4186236
    -52514.620740105    1181563.4186236    3777924.9938731
