Results from Hellinger3 using anom25y.tj.19.points
===== Rotation from side 1 to 3
 Fitted rotation--alat,along,rho: 
    -16.073865679381   -144.64449540226    33.779309505423
 conf. level, conf. interval for kappa: 
    0.950000   0.40657797053963   0.92883323299394
 kappahat, degrees of freedom,xchi
    0.64137697151796    46.0000    13.1289
 Number of points, sections
   74  11
 ahat: 
    0.93486698510508   0.22750364236613  -0.27251754598684
    -8.0380403129336D-02   0.88337689341502   0.46171880508942
    0.34577841308172  -0.40974059707402   0.84412672754517
 covariance matrix
     2.4765742065140D-06    9.4846490935347D-06   -1.7473029213384D-06
     9.4846490935347D-06    3.7526564809042D-05   -6.8275557797314D-06
    -1.7473029213384D-06   -6.8275557797314D-06    1.4585073191437D-06
 H11.2 matrix: 
     12952409.648714   -3037541.8879806    1297762.8012337
    -3037541.8879806    892030.85065990    536771.09829321
     1297762.8012337    536771.09829321    4753091.9162028
