Results from Hellinger3 using anom22o.tj.29.points
===== Rotation from side 1 to 3
 Fitted rotation--alat,along,rho: 
    -17.655084779091   -136.99306649640    26.614285420070
 conf. level, conf. interval for kappa: 
    0.950000    1.0071086134989    1.8574239057984
 kappahat, degrees of freedom,xchi
     1.4003613708874    83.0000    5.81542
 Number of points, sections
   113  12
 ahat: 
    0.94549223341858   0.18385597176894  -0.26877763707206
    -8.7877514897498D-02   0.93880410828440   0.33305313186303
    0.31356335710759  -0.29127963868631   0.90378879898248
 covariance matrix
     1.5258130948175D-06    5.8503901533822D-06   -1.4641693023625D-06
     5.8503901533822D-06    2.3196917536699D-05   -5.7587250039812D-06
    -1.4641693023625D-06   -5.7587250039812D-06    1.6042779905805D-06
 H11.2 matrix: 
     20195077.591919   -4754950.3362377    1362956.5996499
    -4754950.3362377    1515539.6654365    1100509.9238805
     1362956.5996499    1100509.9238805    5817653.3519995
