Results from Hellinger3 using anom21y.tj.22.points
===== Rotation from side 1 to 3
 Fitted rotation--alat,along,rho: 
    -16.773154329235   -133.15634712189    24.833490232598
 conf. level, conf. interval for kappa: 
    0.950000   0.38456010177851   0.73247785111276
 kappahat, degrees of freedom,xchi
    0.54478561733482    75.0000    15.0147
 Number of points, sections
   105  12
 ahat: 
    0.94718996211518   0.16349574954020  -0.27586285641698
    -7.8904122215577D-02   0.95264143735057   0.29368083243552
    0.31081395587334  -0.25640482001109   0.91523289555689
 covariance matrix
     2.1842517377511D-06    8.3179371771043D-06   -2.3214609711530D-06
     8.3179371771043D-06    3.2683719612840D-05   -9.0269672627319D-06
    -2.3214609711530D-06   -9.0269672627319D-06    2.6467182639281D-06
 H11.2 matrix: 
     15731574.278891   -3321208.7430904    2470906.4035239
    -3321208.7430904    1228561.4274364    1277101.2909286
     2470906.4035239    1277101.2909286    6900796.5722998
