Results from Hellinger3 using anom20y.tj.20.points
===== Rotation from side 1 to 3
 Fitted rotation--alat,along,rho: 
    -16.971808746792   -131.99460999672    23.260208099851
 conf. level, conf. interval for kappa: 
    0.950000   0.57979434132597    1.1245677125667
 kappahat, degrees of freedom,xchi
    0.83007933789504    71.0000    9.87973
 Number of points, sections
   105  14
 ahat: 
    0.95200469465536   0.15224639300174  -0.26553360836645
    -7.8301531888534D-02   0.95979067917733   0.26957507723865
    0.29589851547120  -0.23584505079029   0.92564635825982
 covariance matrix
     2.2798795073261D-06    8.2719152240866D-06   -2.4438182266137D-06
     8.2719152240866D-06    3.0976942888169D-05   -9.1618042949686D-06
    -2.4438182266137D-06   -9.1618042949686D-06    2.8270000859499D-06
 H11.2 matrix: 
     14098437.287792   -3860776.4832664   -324605.77563777
    -3860776.4832664    1835361.6301401    2610607.6769612
    -324605.77563777    2610607.6769612    8533639.3289096
