Results from Hellinger3 using anom23o.tj.29.points
===== Rotation from side 1 to 2
 Fitted rotation--alat,along,rho: 
    -13.120738692190   -156.36066998709    32.327122112500
 conf. level, conf. interval for kappa: 
    0.950000   0.61773620570383    1.1269532475124
 kappahat, degrees of freedom,xchi
    0.85357493575518    86.0000    9.52692
 Number of points, sections
   118  13
 ahat: 
    0.96837733235043   0.17539011532374  -0.17743632558355
    -6.7391577105221D-02   0.86864464816143   0.49083077588491
    0.24021598099447  -0.46335168357009   0.85299560362737
 covariance matrix
     7.4893371086445D-07    3.4153635375453D-06   -9.4938501719636D-07
     3.4153635375453D-06    1.6660897538912D-05   -4.6231901810046D-06
    -9.4938501719636D-07   -4.6231901810046D-06    1.4513864161654D-06
 H11.2 matrix: 
     20494979.184409   -4145147.9910316    202440.00578267
    -4145147.9910316    1355329.1359947    1605777.0217877
     202440.00578267    1605777.0217877    5936397.0700141
