Results from Hellinger3 using anom26y.tj.20.points
===== Rotation from side 1 to 3
 Fitted rotation--alat,along,rho: 
    -15.732665397688   -145.87816086574    35.771615374711
 conf. level, conf. interval for kappa: 
    0.950000    1.4919105068263    3.3201051139173
 kappahat, degrees of freedom,xchi
     2.3167118968119    49.0000    3.61802
 Number of points, sections
   75  10
 ahat: 
    0.93113331359068   0.23966549157607  -0.27486579355978
    -7.7338241525836D-02   0.86635054554311   0.49341212858507
    0.35638399054859  -0.43817483312573   0.82522316187556
 covariance matrix
     2.7981924416112D-06    1.1408369106696D-05   -2.0053087224664D-06
     1.1408369106696D-05    4.8191011648572D-05   -8.4504507350741D-06
    -2.0053087224664D-06   -8.4504507350741D-06    1.6893673464803D-06
 H11.2 matrix: 
    10272075.9114183   -2389953.4863009    238254.41443408
    -2389953.4863009    724958.25939157    789425.39429556
     238254.41443408    789425.39429556    4823565.5057022
