Results from Hellinger3 using anom20o.tj.27.points
===== Rotation from side 2 to 3
 Fitted rotation--alat,along,rho: 
     12.069230868060   -42.809580511129    7.8789101839315
 conf. level, conf. interval for kappa: 
    0.950000   0.52614409276715   0.92639910027196
 kappahat, degrees of freedom,xchi
    0.71237997344636    97.0000    11.3636
 Number of points, sections
   131  14
 ahat: 
    0.99541841242630   -3.3162976944471D-02   -8.9679435562980D-02
     2.4162057133778D-02   0.99472885725036   -9.9652875264354D-02
     9.2511508461262D-02    9.7029467243561D-02   0.99097270562244
 covariance matrix
     2.3308186904530D-07    2.0588653867028D-07   -2.2814970387425D-07
     2.0588653867028D-07    3.1448547272909D-07   -3.5119509790094D-07
    -2.2814970387425D-07   -3.5119509790095D-07    6.3762287886319D-07
 H11.2 matrix: 
    10175026.8707632   -6743296.2093389   -73371.277109937
    -6743296.2093389    12729939.431909    4598660.7271575
    -73371.277109937    4598660.7271575    4074959.5964534
