Results from Hellinger3 using anom23o.tj.29.points
===== Rotation from side 2 to 3
 Fitted rotation--alat,along,rho: 
     9.8923799627164   -42.030847533530    9.6472200889043
 conf. level, conf. interval for kappa: 
    0.950000   0.61773620570383    1.1269532475124
 kappahat, degrees of freedom,xchi
    0.85357493575518    86.0000    9.52692
 Number of points, sections
   118  13
 ahat: 
    0.99343038016193   -3.5615498122738D-02  -0.10875484386817
     2.1964792699752D-02   0.99201049274280  -0.12422854007774
    0.11231040758976   0.12102362819573   0.98627564796327
 covariance matrix
     3.8237809223285D-07    4.0165813487703D-07   -5.5931655075707D-07
     4.0165813487703D-07    6.2268682798329D-07   -7.4738980831402D-07
    -5.5931655075707D-07   -7.4738980831401D-07    1.2685545051431D-06
 H11.2 matrix: 
     9324797.9633915   -3688377.9458722    1938314.6230348
    -3688377.9458722    6942885.2961334    2464277.9379014
     1938314.6230348    2464277.9379014    3094788.3192732
