Results from Hellinger3 using anom21y.tj.22.points
===== Rotation from side 2 to 3
 Fitted rotation--alat,along,rho: 
     11.744200645754   -42.358338505388    8.5148093682914
 conf. level, conf. interval for kappa: 
    0.950000   0.38456010177851   0.73247785111276
 kappahat, degrees of freedom,xchi
    0.54478561733482    75.0000    15.0147
 Number of points, sections
   105  12
 ahat: 
    0.99474693633840   -3.5397967755127D-02   -9.6049552441279D-02
     2.4877134161073D-02   0.99377403667049  -0.10860152961894
     9.9295824893573D-02   0.10564160126792   0.98943427838349
 covariance matrix
     2.8117529738942D-07    2.6559712343305D-07   -3.1166268822720D-07
     2.6559712343305D-07    4.0095948082407D-07   -5.0449100272626D-07
    -3.1166268822720D-07   -5.0449100272626D-07    1.0764181691070D-06
 H11.2 matrix: 
     9606604.5584403   -6979603.0347732   -489704.41725453
    -6979603.0347732    11149381.423789    3204591.7364534
    -489704.41725453    3204591.7364534    2289133.6973413
