Results from Hellinger3 using anom20y.tj.20.points
===== Rotation from side 1 to 2
 Fitted rotation--alat,along,rho: 
    -16.160671136906   -150.58288425477    24.757650292985
 conf. level, conf. interval for kappa: 
    0.950000   0.57979434132597    1.1245677125667
 kappahat, degrees of freedom,xchi
    0.83007933789504    71.0000    9.87973
 Number of points, sections
   105  14
 ahat: 
    0.97242415725205   0.15283740065927  -0.17615898317246
    -8.0282798534160D-02   0.92854275384246   0.36244037653961
    0.21896559239332  -0.33830324155463   0.91520761912337
 covariance matrix
     1.4685102626553D-06    6.6147315252267D-06   -2.3284878278535D-06
     6.6147315252267D-06    3.1406245066873D-05   -1.1140944061925D-05
    -2.3284878278535D-06   -1.1140944061925D-05    4.1410921401202D-06
 H11.2 matrix: 
     13584710.515261   -3320146.7346392   -1293797.8163758
    -3320146.7346392    1509134.2441433    2193203.7806279
    -1293797.8163758    2193203.7806279    5414457.6866605
