Results from Hellinger3 using anom21o.tj.31.points
===== Rotation from side 2 to 3
 Fitted rotation--alat,along,rho: 
    10.0035081072264   -41.396839924562    8.8382986047482
 conf. level, conf. interval for kappa: 
    0.950000    1.2074825391325    2.2187587333681
 kappahat, degrees of freedom,xchi
     1.6754030796214    84.0000    4.85835
 Number of points, sections
   114  12
 ahat: 
    0.99460608794413   -3.2402096286333D-02   -9.8533415553929D-02
     2.0977257089128D-02   0.99316151473448  -0.11484842330364
     1.0158092591372D-01   0.11216198021864   0.98848419597075
 covariance matrix
     2.8511344353872D-07    2.7891792370746D-07   -4.1127071624073D-07
     2.7891792370746D-07    4.1047337057127D-07   -5.6044194997042D-07
    -4.1127071624073D-07   -5.6044194997042D-07    1.1988760231356D-06
 H11.2 matrix: 
     10700907.383032   -6245478.5149934    751321.79559992
    -6245478.5149934   10379934.9582450    2709845.3082251
     751321.79559992    2709845.3082251    2358632.2414454
