Results from Hellinger1 using C34.hell 
# Whittaker et al. 2007 Science C34.hell
 Fitted rotation--alat,along,rho: 
  -7.68588133575654        44.7917727947536        27.4908557472867     
 conf. level, conf. interval for kappa: 
  0.9500000      0.636007269063877        1.42739696257321     
 kappahat, degrees of freedom,xchi
  0.992646587507185        48.00000       8.456433    
 Number of points, sections, misfit, reduced misfit
          67           8   48.3555785151506        1.00369710856030     
 ahat: 
  0.942935423818005       0.117182663348616       0.311674525618767     
 -6.289820196407003E-003  0.942129383577886      -0.335190487277083     
 -0.332916242726388       0.314102607454437       0.889104227478009     
 covariance matrix
  2.606303033392529E-006 -4.230493850781564E-006  8.120346764655281E-006
 -4.230493850781564E-006  7.524130888770916E-006 -1.486347925522720E-005
  8.120346764655281E-006 -1.486347925522720E-005  3.299657399957515E-005
 H11.2 matrix: 
   4711238.72738045        3255131.26820564        306870.765454130     
   3255131.26820564        3455629.68402907        755529.512255803     
   306870.765454130        755529.512255803        295118.523663357     
