Results from Hellinger1 using C31.hell 
# Whittaker et al. 2013 Gcubed C31.hell 
 Fitted rotation--alat,along,rho: 
  8.05729472  35.6685534  25.6143235
 conf. level, conf. interval for kappa: 
  0.949999988  0.130882219  0.231831799
 kappahat, degrees of freedom,xchi
  0.177816786  95.  45.5593987
 Number of points, sections, misfit, reduced misfit
 104 3  534.257774  2.37144809
 ahat: 
  0.96531204 -0.0149547575  0.26067033
  0.106233549  0.934481746 -0.339791553
 -0.238510165  0.355696811  0.903655177
 covariance matrix
  2.94495307E-07 -1.57991781E-07  3.16969453E-07
 -1.57991781E-07  4.46900635E-07 -1.14104165E-06
  3.16969453E-07 -1.14104165E-06  4.24975682E-06
 H11.2 matrix: 
  4290881.32  2225402.6  277474.404
  2225402.6  8269796.95  2054422.99
  277474.404  2054422.99  766215.908
