Results from Hellinger1 using C33.hell 
# Whittaker et al. 2007 Science C33.hell
 Fitted rotation--alat,along,rho: 
  -3.54233327538880        42.9367598463263        26.5846782153843     
 conf. level, conf. interval for kappa: 
  0.9500000      0.486781404999998        1.01427425902573     
 kappahat, degrees of freedom,xchi
  0.726848206828610        58.00000       11.40632    
 Number of points, sections, misfit, reduced misfit
          75           7   79.7965785085528        1.17294632346654     
 ahat: 
  0.950724586119350       8.017517325563295E-002  0.299490739325305     
  2.487423769593344E-002  0.943145747872442      -0.331447387331952     
 -0.309037269026302       0.322564783979219       0.894677554479380     
 covariance matrix
  1.671643197785381E-006 -2.868375227372595E-006  5.780092603359335E-006
 -2.868375227372595E-006  5.575068151141522E-006 -1.162421285000025E-005
  5.780092603359335E-006 -1.162421285000025E-005  3.002302931070341E-005
 H11.2 matrix: 
   5293520.26052208        3106110.96970053        183494.399813252     
   3106110.96970053        2753304.15385402        468020.210039238     
   183494.399813252        468020.210039238        179187.511719931     
