Results from Hellinger3 using anom21y.tj.19.points
===== Rotation from side 2 to 3
 Fitted rotation--alat,along,rho: 
     11.270513819670   -41.551036886862    8.4837959828319
 conf. level, conf. interval for kappa: 
    0.950000   0.44181446534402   0.80319447291844
 kappahat, degrees of freedom,xchi
    0.60926081974070    87.0000    13.3411
 Number of points, sections
   123  15
 ahat: 
    0.99495182344683   -3.4057532633482D-02   -9.4397846854372D-02
     2.3609307684873D-02   0.99368783300164  -0.10966809533841
     9.7537016616581D-02   0.10688580361971   0.98947559614884
 covariance matrix
     1.9170877029744D-07    1.5851930155763D-07   -2.7143765903609D-07
     1.5851930155763D-07    2.3064121788115D-07   -3.4952778584424D-07
    -2.7143765903609D-07   -3.4952778584424D-07    7.7215753149945D-07
 H11.2 matrix: 
     12699718.816182   -6251305.2016137    1634610.8515879
    -6251305.2016137    16884978.814217    5445688.7844485
     1634610.8515879    5445688.7844485    4334755.9917150
