Results from Hellinger3 using anom26y.tj.16.points
===== Rotation from side 1 to 2
 Fitted rotation--alat,along,rho: 
    -11.745971310793   -161.08088690264    39.652308518032
 conf. level, conf. interval for kappa: 
    0.950000   0.91303478236417    1.8674123702434
 kappahat, degrees of freedom,xchi
     1.3484485547656    61.0000    6.13034
 Number of points, sections
   93  13
 ahat: 
    0.96728135539182   0.19754709894319  -0.15919146714098
    -6.2263710556727D-02   0.79311512229788   0.60588087371209
    0.24594716883728  -0.57614542129704   0.77946548586796
 covariance matrix
     2.2802365203655D-06    1.0512826776670D-05   -2.0641309286446D-06
     1.0512826776670D-05    5.0415130897573D-05   -9.9130155050423D-06
    -2.0641309286446D-06   -9.9130155050423D-06    2.1602058259374D-06
 H11.2 matrix: 
     11363025.164642   -2401058.8736223   -160615.32344126
    -2401058.8736223    710397.10784247    965684.67559517
    -160615.32344126    965684.67559517    4740898.2896263
