Results from Hellinger3 using anom21o.tj.28.points
===== Rotation from side 1 to 2
 Fitted rotation--alat,along,rho: 
    -14.513166366705   -152.86956006332    28.157904722278
 conf. level, conf. interval for kappa: 
    0.950000    1.2740274348156    2.2498906621585
 kappahat, degrees of freedom,xchi
     1.7279144465848    96.0000    4.68668
 Number of points, sections
   132  15
 ahat: 
    0.96950200639955   0.16327494626393  -0.18277623343795
    -7.3245244141964D-02   0.90471584699369   0.41967174125627
    0.23388243584724  -0.39348510533563   0.88908294218322
 covariance matrix
     1.0319924795073D-06    4.6283654131357D-06   -1.4518799178772D-06
     4.6283654131357D-06    2.1780345994004D-05   -6.8029048012615D-06
    -1.4518799178772D-06   -6.8029048012615D-06    2.2767087836558D-06
 H11.2 matrix: 
     20747417.516512   -4142214.7742023    853717.47090075
    -4142214.7742023    1515236.8495848    1886061.8554805
     853717.47090075    1886061.8554805    6619289.4813132
