Results from Hellinger3 using anom20o.tj.24.points
===== Rotation from side 2 to 3
 Fitted rotation--alat,along,rho: 
     11.912677247651   -42.152801655049    7.8710921173437
 conf. level, conf. interval for kappa: 
    0.950000   0.55506031635525   0.94620541228208
 kappahat, degrees of freedom,xchi
    0.73782744283388    109.000    10.9290
 Number of points, sections
   149  17
 ahat: 
    0.99553610996514   -3.2755919461909D-02   -8.8514990231458D-02
     2.3780550773384D-02   0.99464113556484   -1.0061558948391D-01
     9.1336406544076D-02    9.8061517337261D-02   0.99098012071743
 covariance matrix
     1.6569853715726D-07    1.2253186969236D-07   -1.9211512734303D-07
     1.2253186969236D-07    1.7931953379881D-07   -2.4445633001482D-07
    -1.9211512734303D-07   -2.4445633001482D-07    5.0899850926230D-07
 H11.2 matrix: 
     12756220.632790   -6235444.3046727    1819983.9561311
    -6235444.3046727    19199244.083626    6867315.9302086
     1819983.9561311    6867315.9302086    5949733.1401513
