Results from Hellinger3 using anom21y.tj.19.points
===== Rotation from side 1 to 3
 Fitted rotation--alat,along,rho: 
    -16.911673666958   -133.22581439232    24.763568901644
 conf. level, conf. interval for kappa: 
    0.950000   0.44181446534402   0.80319447291844
 kappahat, degrees of freedom,xchi
    0.60926081974070    87.0000    13.3411
 Number of points, sections
   123  15
 ahat: 
    0.94752645745551   0.16385607998955  -0.27449006807583
    -7.9842872977758D-02   0.95273612140082   0.29311942721831
    0.30954600313438  -0.25582233684452   0.91582542218206
 covariance matrix
     1.5025254460894D-06    5.8567968168131D-06   -1.6675160824356D-06
     5.8567968168131D-06    2.3796176946303D-05   -6.6663728675750D-06
    -1.6675160824356D-06   -6.6663728675750D-06    2.0190054568885D-06
 H11.2 matrix: 
     17761839.064270   -3492262.7603637    3138885.3158125
    -3492262.7603637    1246834.2835989    1232516.6893722
     3138885.3158125    1232516.6893722    7157265.2330384
