Results from Hellinger3 using anom28y.tj.17.points
===== Rotation from side 1 to 3
 Fitted rotation--alat,along,rho: 
    -12.858049045789   -146.59693212225    42.709558196337
 conf. level, conf. interval for kappa: 
    0.950000   0.43804614419869   0.91869891257170
 kappahat, degrees of freedom,xchi
    0.65660708858257    57.0000    12.6396
 Number of points, sections
   91  14
 ahat: 
    0.91047121991848   0.26678882618483  -0.31601563240301
    -3.5096095355885D-02   0.81119695695403   0.58371890591216
    0.41208060108542  -0.52036834958656   0.74793472907576
 covariance matrix
     7.4978523893399D-06    2.9952076191289D-05   -3.9088462271850D-06
     2.9952076191289D-05    1.2164070043404D-04   -1.5914749818299D-05
    -3.9088462271850D-06   -1.5914749818299D-05    2.2810856060360D-06
 H11.2 matrix: 
     8187361.5497991   -2069359.1663073   -407786.58590912
    -2069359.1663073    617316.13575073    760876.78812580
    -407786.58590912    760876.78812580    5048117.7195958
