Results from Hellinger3 using anom26y.tj.16.points
===== Rotation from side 2 to 3
 Fitted rotation--alat,along,rho: 
     10.637204086272   -47.469665280608    10.779713434039
 conf. level, conf. interval for kappa: 
    0.950000   0.91303478236417    1.8674123702434
 kappahat, degrees of freedom,xchi
     1.3484485547656    61.0000    6.13034
 Number of points, sections
   93  13
 ahat: 
    0.99014232798166   -4.3015380301440D-02  -0.13329608920216
     2.6033487063076D-02   0.99160993334736  -0.12661752500414
    0.13762422712010   0.12189920895707   0.98295480820088
 covariance matrix
     1.2665416250741D-06    1.4087684993283D-06   -1.8854245671234D-06
     1.4087684993283D-06    1.7474217806764D-06   -2.2531024159487D-06
    -1.8854245671234D-06   -2.2531024159487D-06    3.3302360849096D-06
 H11.2 matrix: 
     8360999.0093121   -4991422.6584147    1356614.4777627
    -4991422.6584147    7462836.9137149    2223141.1786686
     1356614.4777627    2223141.1786686    2572417.9327590
