Results from Hellinger3 using anom25y.tj.15.points
===== Rotation from side 1 to 3
 Fitted rotation--alat,along,rho: 
    -15.706645068025   -144.31504032094    34.047873285705
 conf. level, conf. interval for kappa: 
    0.950000   0.34801478583970   0.72513528426541
 kappahat, degrees of freedom,xchi
    0.51964582138759    58.0000    15.9544
 Number of points, sections
   92  14
 ahat: 
    0.93337892801835   0.22683885890803  -0.27811492016901
    -7.6296644981523D-02   0.88262787315044   0.46383926041517
    0.35068874902951  -0.41171855633094   0.84113330196639
 covariance matrix
     2.0969427811414D-06    8.1263668978519D-06   -1.5252899006791D-06
     8.1263668978519D-06    3.2668617666904D-05   -6.0356988399158D-06
    -1.5252899006791D-06   -6.0356988399158D-06    1.3329095331598D-06
 H11.2 matrix: 
     13722321.249540   -3135210.1189372    1505979.1291893
    -3135210.1189372    903664.89589726    504268.90662607
     1505979.1291893    504268.90662607    4757014.5260222
