Results from Hellinger3 using anom20y.tj.17.points
===== Rotation from side 1 to 3
 Fitted rotation--alat,along,rho: 
    -17.370046287896   -132.21325095708    23.056098019774
 conf. level, conf. interval for kappa: 
    0.950000   0.61740598266150    1.1659929732331
 kappahat, degrees of freedom,xchi
    0.87032851116020    77.0000    9.38728
 Number of points, sections
   117  17
 ahat: 
    0.95296800287264   0.15312604429858  -0.26154234849904
    -8.0711186494042D-02   0.96003452609171   0.26799144218908
    0.29212615404248  -0.23427787618409   0.92724116973688
 covariance matrix
     1.6903210543667D-06    6.2334530641443D-06   -1.8749351950805D-06
     6.2334530641443D-06    2.3927776306379D-05   -7.1957099311703D-06
    -1.8749351950805D-06   -7.1957099311703D-06    2.2773901022940D-06
 H11.2 matrix: 
     15052156.117684   -3906397.9931431    49403.232417892
    -3906397.9931431    1852733.7170657    2637884.1808070
     49403.232417892    2637884.1808070    8814509.7478468
