Results from Hellinger3 using anom25y.tj.15.points
===== Rotation from side 2 to 3
 Fitted rotation--alat,along,rho: 
     9.8606139920554   -45.244447617756   10.4908612982432
 conf. level, conf. interval for kappa: 
    0.950000   0.34801478583970   0.72513528426541
 kappahat, degrees of freedom,xchi
    0.51964582138759    58.0000    15.9544
 Number of points, sections
   92  14
 ahat: 
    0.99132763831321   -3.9293925085085D-02  -0.12540135951317
     2.3068712184709D-02   0.99146608868204  -0.12830755827961
    0.12937290301483   0.12430198085688   0.98377419640920
 covariance matrix
     1.1493422346176D-06    1.3753619610614D-06   -2.0161779301571D-06
     1.3753619610614D-06    1.9316255327632D-06   -2.6004506224346D-06
    -2.0161779301571D-06   -2.6004506224346D-06    3.9541609270026D-06
 H11.2 matrix: 
     9067268.7493294   -2023753.8827244    3292368.5544292
    -2023753.8827244    4967556.6118943    2235022.2795966
     3292368.5544292    2235022.2795966    3401496.8393589
