Results from Hellinger3 using anom20y.tj.17.points
===== Rotation from side 1 to 2
 Fitted rotation--alat,along,rho: 
    -16.455455021129   -150.87255376909    24.663460818559
 conf. level, conf. interval for kappa: 
    0.950000   0.61740598266150    1.1659929732331
 kappahat, degrees of freedom,xchi
    0.87032851116020    77.0000    9.38728
 Number of points, sections
   117  17
 ahat: 
    0.97280024419241   0.15388145070242  -0.17314786752632
    -8.2528518402187D-02   0.92865413541695   0.36164974826941
    0.21644567112681  -0.33752332645716   0.91609457783995
 covariance matrix
     1.2278460871153D-06    5.3174458027213D-06   -1.8264479815903D-06
     5.3174458027213D-06    2.4409727759783D-05   -8.4349470198646D-06
    -1.8264479815903D-06   -8.4349470198646D-06    3.0917827565829D-06
 H11.2 matrix: 
     14534971.653938   -3479300.3082815   -905737.67538585
    -3479300.3082815    1548339.8637244    2168782.2922148
    -905737.67538585    2168782.2922148    5705213.5845693
