Results from Hellinger3 using anom21o.tj.28.points
===== Rotation from side 2 to 3
 Fitted rotation--alat,along,rho: 
     9.7339356516948   -40.667550062612    8.8235456023149
 conf. level, conf. interval for kappa: 
    0.950000    1.2740274348156    2.2498906621585
 kappahat, degrees of freedom,xchi
     1.7279144465848    96.0000    4.68668
 Number of points, sections
   132  15
 ahat: 
    0.99477955108406   -3.1616989271571D-02   -9.7025825090022D-02
     2.0251932189260D-02   0.99304757770790  -0.11595847382173
     1.0001751840353D-01   0.11338815810245   0.98850372868014
 covariance matrix
     2.2656411233658D-07    1.9887377430820D-07   -3.7266038164775D-07
     1.9887377430820D-07    2.7795434097056D-07   -4.3270838028114D-07
    -3.7266038164775D-07   -4.3270838028114D-07    9.3525497859074D-07
 H11.2 matrix: 
     14477661.142011   -4926199.3524572    3489575.6328640
    -4926199.3524572    14536951.150781    4762830.8406686
     3489575.6328640    4762830.8406686    4663266.7086384
