Results from Hellinger3 using anom20o.tj.24.points
===== Rotation from side 1 to 2
 Fitted rotation--alat,along,rho: 
    -16.896228582366   -152.00401837942    25.177878122476
 conf. level, conf. interval for kappa: 
    0.950000   0.55506031635525   0.94620541228208
 kappahat, degrees of freedom,xchi
    0.73782744283388    109.000    10.9290
 Number of points, sections
   149  17
 ahat: 
    0.97280817820215   0.15969934424979  -0.16775091018888
    -8.7593881309460D-02   0.92415771234308   0.37183307366874
    0.21440979543891  -0.34702830167436   0.91301686592136
 covariance matrix
     3.1938215136603D-07    1.4214391438703D-06   -4.6852273836230D-07
     1.4214391438703D-06    7.4935586760860D-06   -2.4408056038955D-06
    -4.6852273836230D-07   -2.4408056038955D-06    9.6031183651148D-07
 H11.2 matrix: 
     20174735.435754   -3607022.1071727    675075.00676810
    -3607022.1071727    1420203.2985526    1849886.9088666
     675075.00676810    1849886.9088666    6072509.0567346
