Results from Hellinger3 using anom22o.tj.26.points
===== Rotation from side 1 to 2
 Fitted rotation--alat,along,rho: 
    -14.659088698543   -155.54899288322    29.514101232227
 conf. level, conf. interval for kappa: 
    0.950000   0.96661626273927    1.7121711869978
 kappahat, degrees of freedom,xchi
     1.3132467846291    95.0000    6.16885
 Number of points, sections
   131  15
 ahat: 
    0.97088108021757   0.17043386796304  -0.16835149160826
    -7.8907059399611D-02   0.89104282222733   0.44700823810537
    0.22619373124044  -0.42070771992955   0.87854505310724
 covariance matrix
     9.7298680537728D-07    4.3787177812832D-06   -1.2964852083804D-06
     4.3787177812832D-06    2.0650748346395D-05   -6.0844349697963D-06
    -1.2964852083804D-06   -6.0844349697963D-06    2.0411463241752D-06
 H11.2 matrix: 
     22535312.053826   -4608317.1646261    576976.09510382
    -4608317.1646261    1340187.6821373    1067865.5096927
     576976.09510382    1067865.5096927    4039592.4218891
