Results from Hellinger3 using anom22o.tj.26.points
===== Rotation from side 2 to 3
 Fitted rotation--alat,along,rho: 
     9.2533580861948   -40.650900770170    9.2144368355785
 conf. level, conf. interval for kappa: 
    0.950000   0.96661626273927    1.7121711869978
 kappahat, degrees of freedom,xchi
     1.3132467846291    95.0000    6.16885
 Number of points, sections
   131  15
 ahat: 
    0.99433165438389   -3.1961864825032D-02   -1.0140512949110D-01
     1.9536046980479D-02   0.99243063691078  -0.12124262364874
     1.0451269759497D-01   0.11857432318070   0.98742960555356
 covariance matrix
     2.7281749160666D-07    2.5384594619616D-07   -4.7066962604768D-07
     2.5384594619616D-07    3.7522739352553D-07   -5.5474693450906D-07
    -4.7066962604768D-07   -5.5474693450906D-07    1.1231011020376D-06
 H11.2 matrix: 
     14072549.198567   -2970160.4258309    4430441.8084620
    -2970160.4258309   10506889.2445817    3945059.1711574
     4430441.8084620    3945059.1711574    4695733.8580677
