Results from Hellinger3 using anom27y.tj.12.points
===== Rotation from side 2 to 3
 Fitted rotation--alat,along,rho: 
     7.1032476756707   -45.796102715019    11.081516296119
 conf. level, conf. interval for kappa: 
    0.950000   0.77782680907240    1.5815376280251
 kappahat, degrees of freedom,xchi
     1.1447871170889    62.0000    7.21435
 Number of points, sections
   96  14
 ahat: 
    0.99027973111557   -3.2944221728911D-02  -0.13513227740388
     1.4591140619662D-02   0.99078988038108  -0.13461987798931
    0.13832264007421   0.13133960251621   0.98163983010765
 covariance matrix
     1.6226067870094D-06    1.7510696315627D-06   -2.4588770529812D-06
     1.7510696315627D-06    2.1931656773056D-06   -2.8426703749753D-06
    -2.4588770529812D-06   -2.8426703749753D-06    4.2876612419027D-06
 H11.2 matrix: 
     6055221.1344703   -2372218.4797924    1899779.0737746
    -2372218.4797924    4170760.0547514    1404752.4103093
     1899779.0737746    1404752.4103093    2254042.6320879
