Results from Hellinger3 using anom20y.tj.17.points
===== Rotation from side 2 to 3
 Fitted rotation--alat,along,rho: 
     11.858480041332   -42.302480414382    7.5282854714689
 conf. level, conf. interval for kappa: 
    0.950000   0.61740598266150    1.1659929732331
 kappahat, degrees of freedom,xchi
    0.87032851116020    77.0000    9.38728
 Number of points, sections
   117  17
 ahat: 
    0.99589626364948   -3.1032627580325D-02   -8.5015340230239D-02
     2.2813496938601D-02   0.99512004504400   -9.5998126591421D-02
     8.7579543310267D-02    9.3664678385669D-02   0.99174429749632
 covariance matrix
     2.5020651712556D-07    1.9507647085814D-07   -2.0482708762515D-07
     1.9507647085814D-07    2.3205647858473D-07   -2.5711959353828D-07
    -2.0482708762515D-07   -2.5711959353828D-07    6.3332386437776D-07
 H11.2 matrix: 
     11648314.143356  -10211313.9292177   -378382.43389310
   -10211313.9292177    16784287.263219    3511655.8069163
    -378382.43389310    3511655.8069163    2882273.4219423
