Results from Hellinger3 using anom27y.tj.12.points
===== Rotation from side 1 to 2
 Fitted rotation--alat,along,rho: 
    -9.0468123572824   -160.34256768274    44.173283413428
 conf. level, conf. interval for kappa: 
    0.950000   0.77782680907240    1.5815376280251
 kappahat, degrees of freedom,xchi
     1.1447871170889    62.0000    7.21435
 Number of points, sections
   96  14
 ahat: 
    0.96180163981492   0.19693300563005  -0.19014467371675
    -2.2208252720537D-02   0.74844266484807   0.66282755747346
    0.27284500941091  -0.63328585072512   0.72422692031636
 covariance matrix
     2.3237098670048D-06    1.0904775365068D-05   -1.7166270974818D-06
     1.0904775365068D-05    5.2821244294149D-05   -8.3888150493558D-06
    -1.7166270974818D-06   -8.3888150493558D-06    1.5414770522830D-06
 H11.2 matrix: 
     14015927.035671   -3055447.7765469   -1019454.7770461
    -3055447.7765469    805575.96048667    981372.56751780
    -1019454.7770461    981372.56751780    4854129.5229804
