Results from Hellinger3 using anom22o.tj.26.points
===== Rotation from side 1 to 3
 Fitted rotation--alat,along,rho: 
    -17.503438883987   -136.86823458826    26.714943685677
 conf. level, conf. interval for kappa: 
    0.950000   0.96661626273927    1.7121711869978
 kappahat, degrees of freedom,xchi
     1.3132467846291    95.0000    6.16885
 Number of points, sections
   131  15
 ahat: 
    0.94496260286251   0.18365032047475  -0.27077340892494
    -8.6766926249615D-02   0.93863550738298   0.33381864056564
    0.31546343639241  -0.29195195507039   0.90291022600814
 covariance matrix
     1.1322004550345D-06    4.4306880115222D-06   -1.1526386296936D-06
     4.4306880115222D-06    1.8075001284751D-05   -4.6360553527173D-06
    -1.1526386296936D-06   -4.6360553527173D-06    1.3577671664842D-06
 H11.2 matrix: 
     22443301.165361   -4948176.7162912    2157214.3012371
    -4948176.7162912    1536316.0560405    1045088.3482465
     2157214.3012371    1045088.3482465    6136233.2016454
