Results from Hellinger3 using anom27y.tj.12.points
===== Rotation from side 1 to 3
 Fitted rotation--alat,along,rho: 
    -13.344557845700   -146.15034362831    40.638219081249
 conf. level, conf. interval for kappa: 
    0.950000   0.77782680907240    1.5815376280251
 kappahat, degrees of freedom,xchi
     1.1447871170889    62.0000    7.21435
 Number of points, sections
   96  14
 ahat: 
    0.91631413536429   0.25593926201712  -0.30799918748227
    -4.4700290958580D-02   0.82967575951169   0.55645306906057
    0.39795764764585  -0.49611815955158   0.77168418568955
 covariance matrix
     2.9797863013161D-06    1.2069303856870D-05   -1.7764448842402D-06
     1.2069303856870D-05    5.0760127085715D-05   -7.4398772863858D-06
    -1.7764448842402D-06   -7.4398772863858D-06    1.3152520017539D-06
 H11.2 matrix: 
     9107103.1857794   -2121139.2540304    302034.21608475
    -2121139.2540304    609301.40056438    581668.51144747
     302034.21608475    581668.51144747    4458529.2223341
