Results from Hellinger3 using anom25y.tj.15.points
===== Rotation from side 1 to 2
 Fitted rotation--alat,along,rho: 
    -12.364520070137   -160.65581479609    37.498158425433
 conf. level, conf. interval for kappa: 
    0.950000   0.34801478583970   0.72513528426541
 kappahat, degrees of freedom,xchi
    0.51964582138759    58.0000    15.9544
 Number of points, sections
   92  14
 ahat: 
    0.96889388453660   0.19196749379327  -0.15618297549449
    -6.8730351684353D-02   0.81500478391843   0.57536365973828
    0.23774099197431  -0.54673182047217   0.80284714436701
 covariance matrix
     2.0850053843865D-06    9.2571513129339D-06   -2.0434474348075D-06
     9.2571513129339D-06    4.2818795187377D-05   -9.4531879679963D-06
    -2.0434474348075D-06   -9.4531879679963D-06    2.3417127089021D-06
 H11.2 matrix: 
     11952025.045900   -2586766.5534177   -12749.445254608
    -2586766.5534177    774558.59788729    869503.13430360
    -12749.445254608    869503.13430360    3925982.7694421
