Results from Hellinger3 using anom23o.tj.26.points
===== Rotation from side 1 to 2
 Fitted rotation--alat,along,rho: 
    -12.778463408430   -155.98937253196    32.466275398598
 conf. level, conf. interval for kappa: 
    0.950000   0.54998976089155   0.96555750127602
 kappahat, degrees of freedom,xchi
    0.74342512569965    98.0000    10.8851
 Number of points, sections
   136  16
 ahat: 
    0.96774218352996   0.17398249112787  -0.18222282787181
    -6.3479805230501D-02   0.86831932066213   0.49192669341352
    0.24381423367916  -0.46449074279882   0.85135361002914
 covariance matrix
     6.5167476377414D-07    2.8360907974921D-06   -7.7130568235395D-07
     2.8360907974921D-06    1.3207181195099D-05   -3.5722316815181D-06
    -7.7130568235395D-07   -3.5722316815181D-06    1.1247724145510D-06
 H11.2 matrix: 
     23504524.882203   -4878542.0811377    624029.36961605
    -4878542.0811377    1549658.9503591    1576224.2621716
     624029.36961605    1576224.2621716    6323017.4862412
