Results from Hellinger3 using anom21o.tj.28.points
===== Rotation from side 1 to 3
 Fitted rotation--alat,along,rho: 
    -16.800195957381   -133.97141184711    25.868789981837
 conf. level, conf. interval for kappa: 
    0.950000    1.2740274348156    2.2498906621585
 kappahat, degrees of freedom,xchi
     1.7279144465848    96.0000    4.68668
 Number of points, sections
   132  15
 ahat: 
    0.94406392848732   0.17199640352531  -0.28135482242791
    -8.0222373697402D-02   0.94736044579729   0.30995573312510
    0.31985570135209  -0.27004707536487   0.90816678391111
 covariance matrix
     1.1930975409894D-06    4.6729836399240D-06   -1.2622880844575D-06
     4.6729836399240D-06    1.8964958145670D-05   -5.0138890701371D-06
    -1.2622880844575D-06   -5.0138890701371D-06    1.4975911507678D-06
 H11.2 matrix: 
     26683760.197167   -5473435.6190635    4166286.3163197
    -5473435.6190635    1581731.8497164    682145.77100558
     4166286.3163197    682145.77100558    6463217.1431113
