Results from Hellinger3 using anom29o.tj.15.points
===== Rotation from side 1 to 3
 Fitted rotation--alat,along,rho: 
    -13.717753239529   -149.93997851285    44.754853664698
 conf. level, conf. interval for kappa: 
    0.950000   0.36351410741860   0.73489084318422
 kappahat, degrees of freedom,xchi
    0.53320688728412    63.0000    15.4755
 Number of points, sections
   101  16
 ahat: 
    0.91505728474077   0.28556743466034  -0.28481819798667
    -4.8360034552912D-02   0.77876737405704   0.62544598820550
    0.40041412650018  -0.55854508982339   0.72642680975669
 covariance matrix
     1.1501751371909D-06    4.8847514755040D-06   -4.8506830452028D-07
     4.8847514755040D-06    2.2355173280459D-05   -2.1652401701113D-06
    -4.8506830452028D-07   -2.1652401701113D-06    3.8140836340895D-07
 H11.2 matrix: 
     12196105.506096   -2582715.9990049    848811.46198407
    -2582715.9990049    646302.54952199    384382.16263894
     848811.46198407    384382.16263894    5883487.2310759
