Results from Hellinger3 using anom28y.tj.17.points
===== Rotation from side 1 to 2
 Fitted rotation--alat,along,rho: 
    -7.8568639478597   -160.12361940145    46.468391257429
 conf. level, conf. interval for kappa: 
    0.950000   0.43804614419869   0.91869891257170
 kappahat, degrees of freedom,xchi
    0.65660708858257    57.0000    12.6396
 Number of points, sections
   91  14
 ahat: 
    0.95887795615691   0.19676321614791  -0.20454168760297
    -1.4485231920662D-03   0.72406058240063   0.68973485832907
    0.28381502246517  -0.66107526786652   0.69457074746803
 covariance matrix
     7.6344544468790D-06    3.2150977262356D-05   -4.6666874381886D-06
     3.2150977262356D-05    1.3799821224719D-04   -2.0103615511132D-05
    -4.6666874381886D-06   -2.0103615511132D-05    3.1277879077851D-06
 H11.2 matrix: 
     7021513.8776141   -1723611.5036628   -602218.69449154
    -1723611.5036628    536951.13280634    879568.26065382
    -602218.69449154    879568.26065382    5074556.2612628
