Results from Hellinger3 using anom20o.tj.24.points
===== Rotation from side 1 to 3
 Fitted rotation--alat,along,rho: 
    -18.002829321808   -132.84658146142    23.350253956164
 conf. level, conf. interval for kappa: 
    0.950000   0.55506031635525   0.94620541228208
 kappahat, degrees of freedom,xchi
    0.73782744283388    109.000    10.9290
 Number of points, sections
   149  17
 ahat: 
    0.95235640664237   0.15943203507555  -0.25999750175510
    -8.5563531258885D-02   0.95791947195090   0.27398753142398
    0.29273905931005  -0.23868747652311   0.92592231407678
 covariance matrix
     4.7126094985542D-07    1.7280251549962D-06   -5.3043172369271D-07
     1.7280251549962D-06    6.9898611987446D-06   -2.0030377656602D-06
    -5.3043172369271D-07   -2.0030377656602D-06    7.4173582510746D-07
 H11.2 matrix: 
     27280814.698576   -5101779.1638885    5731896.8331668
    -5101779.1638885    1586709.2058063    636470.46639740
     5731896.8331668    636470.46639740    7165966.8014509
