Results from Hellinger3 using anom24o.tj.23.points
===== Rotation from side 1 to 2
 Fitted rotation--alat,along,rho: 
    -12.730093597055   -158.05844981723    34.533767908345
 conf. level, conf. interval for kappa: 
    0.950000   0.51675826974304   0.96409757338499
 kappahat, degrees of freedom,xchi
    0.72333120810575    80.0000    11.2761
 Number of points, sections
   116  15
 ahat: 
    0.96803585152393   0.18302657716650  -0.17148720714694
    -6.6812360594011D-02   0.84720009792485   0.52705607154077
    0.24174924743668  -0.49875170789366   0.83234850587777
 covariance matrix
     9.7026655078403D-07    4.1698879940179D-06   -1.0260857358758D-06
     4.1698879940179D-06    1.8981558820642D-05   -4.6245034318532D-06
    -1.0260857358758D-06   -4.6245034318532D-06    1.3204972107950D-06
 H11.2 matrix: 
     18626237.812032   -3853719.1037976    977343.76149827
    -3853719.1037976    1156246.3460576    1054768.5989383
     977343.76149827    1054768.5989383    5210627.8166082
