Results from Hellinger3 using anom24o.tj.23.points
===== Rotation from side 1 to 3
 Fitted rotation--alat,along,rho: 
    -15.650838633038   -141.05886426341    31.401558630506
 conf. level, conf. interval for kappa: 
    0.950000   0.51675826974304   0.96409757338499
 kappahat, degrees of freedom,xchi
    0.72333120810575    80.0000    11.2761
 Number of points, sections
   116  15
 ahat: 
    0.93569270863125   0.20695033646013  -0.28574588930264
    -7.4172240383700D-02   0.90718457586796   0.41414324099728
    0.34493134646010  -0.36631639814006   0.86419596312579
 covariance matrix
     1.1211795577020D-06    4.2978893695371D-06   -9.7710467139676D-07
     4.2978893695371D-06    1.7151073609130D-05   -3.8087515877908D-06
    -9.7710467139676D-07   -3.8087515877908D-06    1.0314086965985D-06
 H11.2 matrix: 
     24153347.491787   -5397448.0781400    2950149.3796742
    -5397448.0781400    1530163.8279591    537267.31253553
     2950149.3796742    537267.31253553    5748373.5491459
