Results from Hellinger3 using anom21y.tj.19.points
===== Rotation from side 1 to 2
 Fitted rotation--alat,along,rho: 
    -15.362594621062   -152.45366271368    26.823562516131
 conf. level, conf. interval for kappa: 
    0.950000   0.44181446534402   0.80319447291844
 kappahat, degrees of freedom,xchi
    0.60926081974070    87.0000    13.3411
 Number of points, sections
   123  15
 ahat: 
    0.97105033530621   0.16057019828140  -0.17685716758322
    -7.8523231373483D-02   0.91379798204822   0.39850639911959
    0.22559997437135  -0.37308237619656   0.89995232770140
 covariance matrix
     1.2572637538596D-06    5.6358307747268D-06   -1.8435661217110D-06
     5.6358307747268D-06    2.6385593785174D-05   -8.5654580629991D-06
    -1.8435661217110D-06   -8.5654580629991D-06    2.9884727818717D-06
 H11.2 matrix: 
     19035985.344582   -3649050.1737017    1284372.2269511
    -3649050.1737017    1244283.8074778    1315252.2313748
     1284372.2269511    1315252.2313748    4896669.3102071
