Results from Hellinger3 using anom23o.tj.26.points
===== Rotation from side 1 to 3
 Fitted rotation--alat,along,rho: 
    -15.720899469005   -138.49789534611    29.554226865113
 conf. level, conf. interval for kappa: 
    0.950000   0.54998976089155   0.96555750127602
 kappahat, degrees of freedom,xchi
    0.74342512569965    98.0000    10.8851
 Number of points, sections
   136  16
 ahat: 
    0.93751041344727   0.19347664945110  -0.28920755660097
    -7.3815503734006D-02   0.92282679572643   0.37807668071144
    0.34003749217759  -0.33310282377437   0.87944130714171
 covariance matrix
     7.8672815338112D-07    2.9642582581937D-06   -7.3625641496730D-07
     2.9642582581937D-06    1.1620713868835D-05   -2.8447546433702D-06
    -7.3625641496730D-07   -2.8447546433702D-06    8.4644118386036D-07
 H11.2 matrix: 
     33507879.628082   -7967561.5961131    2368308.0637737
    -7967561.5961131    2379990.5650676    1068380.0500390
     2368308.0637737    1068380.0500390    6832088.5409076
