Results from Hellinger3 using anom29o.tj.15.points
===== Rotation from side 2 to 3
 Fitted rotation--alat,along,rho: 
     4.7855521234663   -45.560445154349    11.697449516395
 conf. level, conf. interval for kappa: 
    0.950000   0.36351410741860   0.73489084318422
 kappahat, degrees of freedom,xchi
    0.53320688728412    63.0000    15.4755
 Number of points, sections
   101  16
 ahat: 
    0.98934192580013   -2.7224045721584D-02  -0.14304336820925
     6.6043749584377D-03   0.98974536455771  -0.14269020838142
    0.14546111537283   0.14022469351392   0.97937638282910
 covariance matrix
     9.1614519852384D-07    9.9443975606955D-07   -1.6507953990546D-06
     9.9443975606955D-07    1.2701870957498D-06   -1.9133822429400D-06
    -1.6507953990546D-06   -1.9133822429400D-06    3.2875369886520D-06
 H11.2 matrix: 
     12502576.964986   -2687627.9215645    4713783.3103829
    -2687627.9215645    6964348.0464577    2703767.6257754
     4713783.3103829    2703767.6257754    4244768.2910595
