Results from Hellinger3 using anom24o.tj.23.points
===== Rotation from side 2 to 3
 Fitted rotation--alat,along,rho: 
    10.1590232827060   -43.303538235382    9.9591693951356
 conf. level, conf. interval for kappa: 
    0.950000   0.51675826974304   0.96409757338499
 kappahat, degrees of freedom,xchi
    0.72333120810575    80.0000    11.2761
 Number of points, sections
   116  15
 ahat: 
    0.99266326420056   -3.7791599214423D-02  -0.11485398963683
     2.3217232142680D-02   0.99179919363702  -0.12567943201892
    0.11866172103216   0.12209076349086   0.98540004131921
 covariance matrix
     4.7434424208935D-07    4.3390149139161D-07   -7.4140439265031D-07
     4.3390149139161D-07    5.6448079356518D-07   -7.6226069802047D-07
    -7.4140439265031D-07   -7.6226069802047D-07    1.3982672742167D-06
 H11.2 matrix: 
     13281043.347705   -2650857.8277907    5596912.1806037
    -2650857.8277907    7243354.5740448    2543123.8657843
     5596912.1806037    2543123.8657843    5069201.5609344
