Results from Hellinger3 using anom23o.tj.26.points
===== Rotation from side 2 to 3
 Fitted rotation--alat,along,rho: 
     9.3127234121994   -41.529932819896    9.6063709332514
 conf. level, conf. interval for kappa: 
    0.950000   0.54998976089155   0.96555750127602
 kappahat, degrees of freedom,xchi
    0.74342512569965    98.0000    10.8851
 Number of points, sections
   136  16
 ahat: 
    0.99363014284384   -3.3782382660753D-02  -0.10750762695684
     2.0227126126504D-02   0.99198014155315  -0.12476482730666
    0.11086028414536   0.12179552284859   0.98634469026464
 covariance matrix
     2.7774562043042D-07    2.7678358687950D-07   -4.4122524919101D-07
     2.7678358687950D-07    4.2191418987949D-07   -5.3800728165654D-07
    -4.4122524919101D-07   -5.3800728165654D-07    9.4445960319978D-07
 H11.2 matrix: 
     15149107.619317   -3338656.5652621    5175390.4822749
    -3338656.5652621    9398250.8320576    3793945.0193220
     5175390.4822749    3793945.0193220    5637809.1596110
