Results from Hellinger3 using anom28y.tj.17.points
===== Rotation from side 2 to 3
 Fitted rotation--alat,along,rho: 
     4.7474019898537   -44.786740625395    11.386979925678
 conf. level, conf. interval for kappa: 
    0.950000   0.43804614419869   0.91869891257170
 kappahat, degrees of freedom,xchi
    0.65660708858257    57.0000    12.6396
 Number of points, sections
   91  14
 ahat: 
    0.99016338072821   -2.6114563257653D-02  -0.13745729900862
     6.5659998947025D-03   0.99001785547515  -0.14078896791213
    0.13976182279244   0.13850153582629   0.98045089497817
 covariance matrix
     1.3591835073814D-06    1.5485041309016D-06   -2.3544107205776D-06
     1.5485041309016D-06    2.0535916877774D-06   -2.8381332187833D-06
    -2.3544107205776D-06   -2.8381332187833D-06    4.4860571936682D-06
 H11.2 matrix: 
     9087260.2306998   -2076841.7467557    3455325.8433917
    -2076841.7467557    4350194.6627665    1662193.1431439
     3455325.8433917    1662193.1431439    3087963.7031630
