Results from Hellinger3 using anom29o.tj.15.points
===== Rotation from side 1 to 2
 Fitted rotation--alat,along,rho: 
    -8.4915609929104   -162.86526625154    49.047861731883
 conf. level, conf. interval for kappa: 
    0.950000   0.36351410741860   0.73489084318422
 kappahat, degrees of freedom,xchi
    0.53320688728412    63.0000    15.4755
 Number of points, sections
   101  16
 ahat: 
    0.96322983395342   0.20642051574460  -0.17198505069276
    -1.6627733219114D-02   0.68468528360975   0.72864914801036
    0.26816376613937  -0.69899687630773   0.66294159730853
 covariance matrix
     9.9399022889240D-07    4.7890812835655D-06   -5.2681235217808D-07
     4.7890812835655D-06    2.5175892217948D-05   -2.8697309140176D-06
    -5.2681235217808D-07   -2.8697309140176D-06    5.2872533387113D-07
 H11.2 matrix: 
     12318040.054958   -2476090.6658555   -1165857.2696457
    -2476090.6658555    601893.70744811    799730.60536954
    -1165857.2696457    799730.60536954    5070352.1447725
