Results from Hellinger3 using anom26y.tj.16.points
===== Rotation from side 1 to 3
 Fitted rotation--alat,along,rho: 
    -14.949681509167   -145.14811160531    36.374210608799
 conf. level, conf. interval for kappa: 
    0.950000   0.91303478236417    1.8674123702434
 kappahat, degrees of freedom,xchi
     1.3484485547656    61.0000    6.13034
 Number of points, sections
   93  13
 ahat: 
    0.92764071447313   0.23828152729579  -0.28758410700414
    -6.7700829023121D-02   0.86455378069037   0.49795919315097
    0.36728640405189  -0.44245753925498   0.81812714375888
 covariance matrix
     2.8010382422122D-06    1.1415542559711D-05   -2.0220430734072D-06
     1.1415542559711D-05    4.8204492700769D-05   -8.5149924980897D-06
    -2.0220430734072D-06   -8.5149924980897D-06    1.7056295565164D-06
 H11.2 matrix: 
    10254954.9891500   -2378492.9251996    283245.14384341
    -2378492.9251996    727244.36144441    810882.48743414
     283245.14384341    810882.48743414    4970242.3050368
