Results from Hellinger3 using anom22o.tj.28.points
===== Rotation from side 1 to 2
 Fitted rotation--alat,along,rho: 
    -14.388361755872   -155.23709529164    29.629575081784
 conf. level, conf. interval for kappa: 
    0.950000    1.0502141006736    1.7992738217642
 kappahat, degrees of freedom,xchi
     1.3999925193941    107.000    5.76322
 Number of points, sections
   145  16
 ahat: 
    0.97040081214015   0.16951614841524  -0.17200738130733
    -7.6189204072122D-02   0.89076474980806   0.44803277300019
    0.22916690201816  -0.42166626130845   0.87731413706469
 covariance matrix
     4.1162346955274D-07    1.6703745690983D-06   -5.3894392098135D-07
     1.6703745690983D-06    7.5867774166289D-06   -2.4341780511424D-06
    -5.3894392098135D-07   -2.4341780511424D-06    1.0198703549555D-06
 H11.2 matrix: 
     22820386.587772   -4931996.6075054    287831.42308132
    -4931996.6075054    1628662.0615366    1280931.2935291
     287831.42308132    1280931.2935291    4189885.3268009
