Results from Hellinger3 using anom21o.tj.30.points
===== Rotation from side 1 to 2
 Fitted rotation--alat,along,rho: 
    -14.748431714856   -153.12284435640    28.060309309967
 conf. level, conf. interval for kappa: 
    0.950000    1.4141396737622    2.3607554306099
 kappahat, degrees of freedom,xchi
     1.8576629609600    118.000    4.33038
 Number of points, sections
   160  18
 ahat: 
    0.96991513645410   0.16408074686418  -0.17983919646650
    -7.5424214340777D-02   0.90491973433953   0.41884539187383
    0.23146450260957  -0.39268025531132   0.89007100903262
 covariance matrix
     2.1872343734863D-07    7.5170205704084D-07   -2.7351667163795D-07
     7.5170205704084D-07    3.2931607802274D-06   -1.1829595544617D-06
    -2.7351667163795D-07   -1.1829595544617D-06    5.6848656006647D-07
 H11.2 matrix: 
     21252280.698493   -4665341.5832977    517061.79393824
    -4665341.5832977    2226719.9616237    2388923.5862266
     517061.79393824    2388923.5862266    6978924.8872495
