Results from Hellinger3 using anom20o.tj.26.points
===== Rotation from side 2 to 3
 Fitted rotation--alat,along,rho: 
     11.844313276578   -42.162427267699    7.8651409338362
 conf. level, conf. interval for kappa: 
    0.950000   0.59631747125978   0.99119441232816
 kappahat, degrees of freedom,xchi
    0.78143527375758    120.000   10.28942
 Number of points, sections
   162  18
 ahat: 
    0.99554382582345   -3.2570527521032D-02   -8.8496619154689D-02
     2.3603905203651D-02   0.99465276617776   -1.0054218216285D-01
     9.1298118950751D-02    9.8005282877666D-02   0.99098921185052
 covariance matrix
     1.6406524724599D-07    1.2283961196936D-07   -1.9445703047523D-07
     1.2283961196936D-07    1.7864568684624D-07   -2.4204565815549D-07
    -1.9445703047523D-07   -2.4204565815549D-07    4.9731112987347D-07
 H11.2 matrix: 
     13340046.069379   -6182313.5794180    2207196.9032337
    -6182313.5794180    19301699.147613    6976916.3108533
     2207196.9032337    6976916.3108533    6269590.7421709
