Results from Hellinger3 using anom23o.tj.28.points
===== Rotation from side 1 to 2
 Fitted rotation--alat,along,rho: 
    -13.951643193098   -157.38196426695    31.908598890466
 conf. level, conf. interval for kappa: 
    0.950000   0.52200750177093   0.87143587545798
 kappahat, degrees of freedom,xchi
    0.68572717347169    118.000    11.7312
 Number of points, sections
   160  18
 ahat: 
    0.97016545368430   0.17796463739083  -0.16464379829161
    -7.6912822539318D-02   0.86994293892020   0.48711774834420
    0.22992044321150  -0.45992159207982   0.85767634859088
 covariance matrix
     2.4022922303246D-07    8.9626338818148D-07   -2.7305762045656D-07
     8.9626338818148D-07    4.0878184817373D-06   -1.2214009467185D-06
    -2.7305762045656D-07   -1.2214009467185D-06    5.2085983246406D-07
 H11.2 matrix: 
     22965367.860526   -4803598.7551936    775157.93787608
    -4803598.7551936    1821968.9584052    1754205.8496700
     775157.93787608    1754205.8496700    6439835.1695743
