Results from Hellinger3 using anom26y.tj.19.points
===== Rotation from side 2 to 3
 Fitted rotation--alat,along,rho: 
     11.237140278174   -47.201075749104    10.853256595133
 conf. level, conf. interval for kappa: 
    0.950000   0.30684042843285   0.59236720351085
 kappahat, degrees of freedom,xchi
    0.43810086343871    72.0000    18.7067
 Number of points, sections
   106  14
 ahat: 
    0.99005628108935   -4.5271598737399D-02  -0.13318799729436
     2.8114280748434D-02   0.99137711284526  -0.12798830940599
    0.13783376760983   0.12297114488515   0.98279191593751
 covariance matrix
     9.5913799629929D-07    1.0886639649572D-06   -1.6126266338705D-06
     1.0886639649572D-06    1.4267349123854D-06   -2.0173010259318D-06
    -1.6126266338705D-06   -2.0173010259318D-06    3.2505072811146D-06
 H11.2 matrix: 
     8700808.1618705   -4373413.7093043    1602415.4277976
    -4373413.7093043    7919900.7148905    2745460.8272121
     1602415.4277976    2745460.8272121    2806490.7880021
