Results from Hellinger3 using anom20y.tj.19.points
===== Rotation from side 2 to 3
 Fitted rotation--alat,along,rho: 
     11.836071527253   -42.315315020115    7.5265815552672
 conf. level, conf. interval for kappa: 
    0.950000   0.67735205074695    1.2149612003970
 kappahat, degrees of freedom,xchi
    0.92689238493923    91.0000    8.75410
 Number of points, sections
   133  18
 ahat: 
    0.99589701848950   -3.0975421403587D-02   -8.5027359318017D-02
     2.2758310581248D-02   0.99512470468031   -9.5962916975371D-02
     8.7585317623517D-02    9.3634103850065D-02   0.99174667467705
 covariance matrix
     2.3622318300349D-07    1.9125658945680D-07   -2.2745109957659D-07
     1.9125658945680D-07    2.3097935488646D-07   -2.6332047922827D-07
    -2.2745109957659D-07   -2.6332047922827D-07    5.9812893990390D-07
 H11.2 matrix: 
     12893163.132928  -10211366.6791790    407440.85064153
   -10211366.6791790    16778878.475047    3503652.1421952
     407440.85064153    3503652.1421952    3369267.2201191
