Results from Hellinger3 using anom25y.tj.18.points
===== Rotation from side 1 to 2
 Fitted rotation--alat,along,rho: 
    -14.892156988604   -163.93914915141    36.292621364094
 conf. level, conf. interval for kappa: 
    0.950000   0.21804155672045   0.42093757939043
 kappahat, degrees of freedom,xchi
    0.31131554193373    72.0000    26.3251
 Number of points, sections
   108  15
 ahat: 
    0.97331910713379   0.20029006454296  -0.11195448063240
    -1.0395195970491D-01   0.81987215048437   0.56303076908251
    0.20455782987165  -0.53637071779276   0.81881777419197
 covariance matrix
     5.4009210758022D-07    2.0607278338886D-06   -5.7167929016162D-07
     2.0607278338886D-06    9.3410779376902D-06   -2.6048261556311D-06
    -5.7167929016162D-07   -2.6048261556311D-06    9.5568083821697D-07
 H11.2 matrix: 
     11704378.067370   -2624358.0913601   -151563.20707411
    -2624358.0913601    1034603.2462024    1250072.5951972
    -151563.20707411    1250072.5951972    4362938.0008831
