Results from Hellinger3 using anom22o.tj.28.points
===== Rotation from side 2 to 3
 Fitted rotation--alat,along,rho: 
     9.1896174525463   -40.627140832313    9.2094796057866
 conf. level, conf. interval for kappa: 
    0.950000    1.0502141006736    1.7992738217642
 kappahat, degrees of freedom,xchi
     1.3999925193941    107.000    5.76322
 Number of points, sections
   145  16
 ahat: 
    0.99434549880092   -3.1767169533231D-02   -1.0133052824397D-01
     1.9351784444075D-02   0.99243553802739  -0.12123205557569
     1.0441521657874D-01   0.11858562223189   0.98743856150481
 covariance matrix
     2.7258081604776D-07    2.5386673315222D-07   -4.7043486257694D-07
     2.5386673315222D-07    3.6980871261588D-07   -5.3977541898598D-07
    -4.7043486257694D-07   -5.3977541898598D-07    1.0837419254434D-06
 H11.2 matrix: 
     15483789.735261   -2999528.5511982    5227298.6610505
    -2999528.5511982   10485519.8732773    3920438.0502004
     5227298.6610505    3920438.0502004    5144453.2019323
