Results from Hellinger3 using anom25y.tj.18.points
===== Rotation from side 1 to 3
 Fitted rotation--alat,along,rho: 
    -18.184550033352   -146.80676981657    32.362939316000
 conf. level, conf. interval for kappa: 
    0.950000   0.21804155672045   0.42093757939043
 kappahat, degrees of freedom,xchi
    0.31131554193373    72.0000    26.3251
 Number of points, sections
   108  15
 ahat: 
    0.94285258917359   0.23127916135409  -0.23987276754983
    -1.0282019987701D-01   0.88669409467530   0.45077886925321
    0.31694952529688  -0.40035425811561   0.85980199256735
 covariance matrix
     5.0148514809680D-07    1.3853756469670D-06   -3.0862096787877D-07
     1.3853756469670D-06    4.2998729221922D-06   -9.1985304391329D-07
    -3.0862096787877D-07   -9.1985304391329D-07    3.9157060515231D-07
 H11.2 matrix: 
     18395788.610887   -5679379.1449887    1157216.3128880
    -5679379.1449887    2220914.8954283    740964.29695566
     1157216.3128880    740964.29695566    5206518.2005205
