Results from Hellinger3 using anom23o.tj.28.points
===== Rotation from side 1 to 3
 Fitted rotation--alat,along,rho: 
    -17.004334642184   -139.49656153356    28.769588175205
 conf. level, conf. interval for kappa: 
    0.950000   0.52200750177093   0.87143587545798
 kappahat, degrees of freedom,xchi
    0.68572717347169    118.000    11.7312
 Number of points, sections
   160  18
 ahat: 
    0.94182525850503   0.19649658786808  -0.27267980012855
    -8.5003315430646D-02   0.92418017637865   0.37237808468615
    0.32517628881537  -0.32753639880925   0.88711909496264
 covariance matrix
     2.6708026438784D-07    8.3384207763039D-07   -2.2480259655995D-07
     8.3384207763039D-07    2.8984230369590D-06   -7.4398910152912D-07
    -2.2480259655995D-07   -7.4398910152912D-07    3.4446149139497D-07
 H11.2 matrix: 
     37823431.653830  -10200377.9929600    2652939.7659173
   -10200377.9929600    3525167.3974206    956898.44662034
     2652939.7659173    956898.44662034    6701212.8238283
