Results from Hellinger3 using anom20y.tj.19.points
===== Rotation from side 1 to 2
 Fitted rotation--alat,along,rho: 
    -16.329785709770   -150.74693114886    24.707253466378
 conf. level, conf. interval for kappa: 
    0.950000   0.67735205074695    1.2149612003970
 kappahat, degrees of freedom,xchi
    0.92689238493923    91.0000    8.75410
 Number of points, sections
   133  18
 ahat: 
    0.97263062799362   0.15346664099302  -0.17446389767245
    -8.1577754814027D-02   0.92858765405263   0.36203596321434
    0.21756546464972  -0.33789489318921   0.91569225711939
 covariance matrix
     3.5025365258231D-07    1.1802076594855D-06   -4.1950073680506D-07
     1.1802076594855D-06    4.9070450472990D-06   -1.8032889850661D-06
    -4.1950073680506D-07   -1.8032889850661D-06    8.3681709279480D-07
 H11.2 matrix: 
     15328427.409159   -4146495.6649943   -1251221.2956914
    -4146495.6649943    2101035.0167830    2448940.5558561
    -1251221.2956914    2448940.5558561    5845075.7233848
