Results from Hellinger3 using anom25y.tj.18.points
===== Rotation from side 2 to 3
 Fitted rotation--alat,along,rho: 
     11.058179921885   -46.034555878786   10.5900310772308
 conf. level, conf. interval for kappa: 
    0.950000   0.21804155672045   0.42093757939043
 kappahat, degrees of freedom,xchi
    0.31131554193373    72.0000    26.3251
 Number of points, sections
   108  15
 ahat: 
    0.99087418951716   -4.3447779771373D-02  -0.12759557587020
     2.7052438125464D-02   0.99146652893947  -0.12752367460271
    0.13204736324584   0.12290814629490   0.98359396167025
 covariance matrix
     9.8276530836358D-07    1.1378249586970D-06   -1.7145246786665D-06
     1.1378249586970D-06    1.5865799837196D-06   -2.1782789211375D-06
    -1.7145246786665D-06   -2.1782789211375D-06    3.4345514896425D-06
 H11.2 matrix: 
     8735604.4698496   -2148334.9184573    2998277.0120821
    -2148334.9184573    5404941.4290578    2355503.1198573
     2998277.0120821    2355503.1198573    3281815.0373763
