Results from Hellinger3 using anom24o.tj.25.points
===== Rotation from side 2 to 3
 Fitted rotation--alat,along,rho: 
    10.3961241072307   -43.280589876048    9.9929438142558
 conf. level, conf. interval for kappa: 
    0.950000   0.40344905091630   0.71247779090774
 kappahat, degrees of freedom,xchi
    0.54718244245666    96.0000    14.7998
 Number of points, sections
   134  16
 ahat: 
    0.99260773872266   -3.8638596177016D-02  -0.11505188357151
     2.3988165238384D-02   0.99172738103708  -0.12610063294779
    0.11897245461189   0.12240858052770   0.98532314215024
 covariance matrix
     4.6831901189906D-07    4.3559522508187D-07   -7.4570316873710D-07
     4.3559522508187D-07    5.6792835146078D-07   -7.6499764652689D-07
    -7.4570316873710D-07   -7.6499764652689D-07    1.3922243544843D-06
 H11.2 matrix: 
     15533120.179245   -2720504.5120310    6824990.0659779
    -2720504.5120310    7252533.1166086    2527956.0144475
     6824990.0659779    2527956.0144475    5762934.0375582
