Results from Hellinger3 using anom20o.tj.26.points
===== Rotation from side 1 to 3
 Fitted rotation--alat,along,rho: 
    -17.707230276343   -132.64162781090    23.497711067294
 conf. level, conf. interval for kappa: 
    0.950000   0.59631747125978   0.99119441232816
 kappahat, degrees of freedom,xchi
    0.78143527375758    120.000   10.28942
 Number of points, sections
   162  18
 ahat: 
    0.95160837620625   0.15876864866704  -0.26312357274586
    -8.3770737150038D-02   0.95779639334231   0.27497005745681
    0.29567543342564  -0.23962175423135   0.92474723733983
 covariance matrix
     3.3107450016915D-07    1.0746709557488D-06   -3.5894582547259D-07
     1.0746709557488D-06    3.9388782356536D-06   -1.2013340005675D-06
    -3.5894582547259D-07   -1.2013340005675D-06    5.3377680092285D-07
 H11.2 matrix: 
     31194262.950479   -6738739.4552660    5810619.0280839
    -6738739.4552660    2265373.8119810    566956.42708645
     5810619.0280839    566956.42708645    7056884.9559012
