Results from Hellinger3 using anom21y.tj.21.points
===== Rotation from side 1 to 3
 Fitted rotation--alat,along,rho: 
    -17.059896957257   -133.29702380079    24.690981550269
 conf. level, conf. interval for kappa: 
    0.950000   0.41440620585614   0.70132681320422
 kappahat, degrees of freedom,xchi
    0.54859982809923    112.000    14.6864
 Number of points, sections
   154  18
 ahat: 
    0.94787052643738   0.16425310368907  -0.27306113425356
    -8.0843372718805D-02   0.95283467353772   0.29252424513486
    0.30823013188003  -0.25519992718020   0.91644267849574
 covariance matrix
     2.3820838404977D-07    5.9747664881452D-07   -1.8220211081614D-07
     5.9747664881452D-07    1.8175839330634D-06   -4.8245527897372D-07
    -1.8220211081614D-07   -4.8245527897372D-07    2.7363244165126D-07
 H11.2 matrix: 
     26331969.730699   -7522264.0806966    4270635.6171133
    -7522264.0806966    3183075.7926393    603434.75691884
     4270635.6171133    603434.75691884    7562148.3164396
