Results from Hellinger3 using anom21y.tj.21.points
===== Rotation from side 2 to 3
 Fitted rotation--alat,along,rho: 
     11.290166425449   -41.534683095416    8.4882237965609
 conf. level, conf. interval for kappa: 
    0.950000   0.41440620585614   0.70132681320422
 kappahat, degrees of freedom,xchi
    0.54859982809923    112.000    14.6864
 Number of points, sections
   154  18
 ahat: 
    0.99494873978853   -3.4126489251600D-02   -9.4405444358752D-02
     2.3669530224726D-02   0.99367763553379  -0.10974748279082
     9.7553875023772D-02   0.10695858717906   0.98946606919919
 covariance matrix
     1.8908551401838D-07    1.5976241857526D-07   -2.7622990993370D-07
     1.5976241857526D-07    2.2361119218812D-07   -3.2462502412675D-07
    -2.7622990993370D-07   -3.2462502412675D-07    6.8579109064671D-07
 H11.2 matrix: 
     15198965.915020   -6302913.7847799    3138456.4128835
    -6302913.7847799    16910278.722869    5465872.0161806
     3138456.4128835    5465872.0161806    5309626.2361096
