Results from Hellinger3 using anom24o.tj.25.points
===== Rotation from side 1 to 3
 Fitted rotation--alat,along,rho: 
    -17.544241336904   -142.74516331793    30.176700476991
 conf. level, conf. interval for kappa: 
    0.950000   0.40344905091630   0.71247779090774
 kappahat, degrees of freedom,xchi
    0.54718244245666    96.0000    14.7998
 Number of points, sections
   134  16
 ahat: 
    0.94253514198716   0.21089089879540  -0.25913806151260
    -9.2159993550652D-02   0.90962973408024   0.40506824420812
    0.32114489207830  -0.35790889299146   0.87679369443994
 covariance matrix
     2.7403624997315D-07    7.6689826620664D-07   -2.1633185356062D-07
     7.6689826620664D-07    2.4831127669771D-06   -6.3201396421529D-07
    -2.1633185356062D-07   -6.3201396421529D-07    3.4146448186200D-07
 H11.2 matrix: 
     28810718.514011   -8039818.0499376    3371943.2690626
    -8039818.0499376    3004990.7249978    468357.23185852
     3371943.2690626    468357.23185852    5931706.3878167
