Results from Hellinger3 using anom21o.tj.30.points
===== Rotation from side 2 to 3
 Fitted rotation--alat,along,rho: 
     9.8180222809456   -40.701436266297    8.8281801007387
 conf. level, conf. interval for kappa: 
    0.950000    1.4141396737622    2.3607554306099
 kappahat, degrees of freedom,xchi
     1.8576629609600    118.000    4.33038
 Number of points, sections
   160  18
 ahat: 
    0.99476400306585   -3.1856570134267D-02   -9.7106833661107D-02
     2.0483305091232D-02   0.99304454168299  -0.11594383315282
     1.0012498397975D-01   0.11334768269758   0.98849749135248
 covariance matrix
     2.2610270909705D-07    1.9756643010992D-07   -3.6899869966763D-07
     1.9756643010992D-07    2.6708803809827D-07   -4.0013607765535D-07
    -3.6899869966763D-07   -4.0013607765535D-07    8.3790714329962D-07
 H11.2 matrix: 
     17360160.673540   -4877343.2763602    5315953.8526370
    -4877343.2763602    14527121.730063    4789423.5226071
     5315953.8526370    4789423.5226071    5821648.9030911
