Results from Hellinger3 using anom21o.tj.30.points
===== Rotation from side 1 to 3
 Fitted rotation--alat,along,rho: 
    -17.032248892486   -134.13038898579    25.737913792256
 conf. level, conf. interval for kappa: 
    0.950000    1.4141396737622    2.3607554306099
 kappahat, degrees of freedom,xchi
     1.8576629609600    118.000    4.33038
 Number of points, sections
   160  18
 ahat: 
    0.94476263559385   0.17252591782829  -0.27867251400750
    -8.1869418380609D-02   0.94751537284893   0.30905018451536
    0.31736565775108  -0.26916431021304   0.90930171746663
 covariance matrix
     2.5047315583838D-07    7.1737212166051D-07   -2.2604565135017D-07
     7.1737212166051D-07    2.3465128611706D-06   -6.6334385430015D-07
    -2.2604565135017D-07   -6.6334385430015D-07    3.5884328442527D-07
 H11.2 matrix: 
     35708875.757928   -9546950.4059517    4845918.1934299
    -9546950.4059517    3445059.1645667    354506.29039475
     4845918.1934299    354506.29039475    6494640.9884757
