Results from Hellinger3 using anom20y.tj.19.points
===== Rotation from side 1 to 3
 Fitted rotation--alat,along,rho: 
    -17.239992015610   -132.13590847179    23.117769145368
 conf. level, conf. interval for kappa: 
    0.950000   0.67735205074695    1.2149612003970
 kappahat, degrees of freedom,xchi
    0.92689238493923    91.0000    8.75410
 Number of points, sections
   133  18
 ahat: 
    0.95266783090497   0.15280388680302  -0.26282118662068
    -7.9922825875967D-02   0.95997853607000   0.26842792736394
    0.29331952860799  -0.23471723938132   0.92675318811127
 covariance matrix
     4.9493570097070D-07    1.4160720307109D-06   -4.1096718059026D-07
     1.4160720307109D-06    4.5168428243046D-06   -1.2972758518814D-06
    -4.1096718059026D-07   -1.2972758518814D-06    4.8480268908392D-07
 H11.2 matrix: 
     19676382.145770   -5954229.9993275    746836.82277462
    -5954229.9993275    2758293.2510148    2333473.2603835
     746836.82277462    2333473.2603835    8939892.5226940
