Results from Hellinger3 using anom21y.tj.21.points
===== Rotation from side 1 to 2
 Fitted rotation--alat,along,rho: 
    -15.502754114735   -152.58337982203    26.772070379258
 conf. level, conf. interval for kappa: 
    0.950000   0.41440620585614   0.70132681320422
 kappahat, degrees of freedom,xchi
    0.54859982809923    112.000    14.6864
 Number of points, sections
   154  18
 ahat: 
    0.97123810487151   0.16108082582406  -0.17535538542469
    -7.9711885352269D-02   0.91390930001859   0.39801483222755
    0.22437147541341  -0.37258926298456   0.90046359289504
 covariance matrix
     1.9805616947829D-07    6.2541009699642D-07   -2.5140171670443D-07
     6.2541009699642D-07    2.6517922049515D-06   -1.0331369132185D-06
    -2.5140171670443D-07   -1.0331369132185D-06    5.9478087836110D-07
 H11.2 matrix: 
     19902478.728555   -4381653.3532839    801420.34851657
    -4381653.3532839    2131197.4236860    1849863.6939683
     801420.34851657    1849863.6939683    5233256.5341660
