Results from Hellinger3 using anom20o.tj.26.points
===== Rotation from side 1 to 2
 Fitted rotation--alat,along,rho: 
    -16.608849119443   -151.68170391481    25.280318972648
 conf. level, conf. interval for kappa: 
    0.950000   0.59631747125978   0.99119441232816
 kappahat, degrees of freedom,xchi
    0.78143527375758    120.000   10.28942
 Number of points, sections
   162  18
 ahat: 
    0.97238513788719   0.15879186776665  -0.17103299783166
    -8.5339427744649D-02   0.92401945562504   0.37269991641886
    0.21721953339495  -0.34781200145709   0.91205399289411
 covariance matrix
     2.1826922811925D-07    8.5459167888220D-07   -2.9896103988870D-07
     8.5459167888220D-07    4.3097753858263D-06   -1.4873184351192D-06
    -2.9896103988870D-07   -1.4873184351192D-06    6.7517996334315D-07
 H11.2 matrix: 
     20529557.986840   -3894111.3350583    512092.25085735
    -3894111.3350583    1706289.5436568    2034432.8835813
     512092.25085735    2034432.8835813    6189379.7083468
