Results from Hellinger3 using anom23o.tj.28.points
===== Rotation from side 2 to 3
 Fitted rotation--alat,along,rho: 
     9.4574513028886   -41.493026610725    9.6378248498222
 conf. level, conf. interval for kappa: 
    0.950000   0.52200750177093   0.87143587545798
 kappahat, degrees of freedom,xchi
    0.68572717347169    118.000    11.7312
 Number of points, sections
   160  18
 ahat: 
    0.99359081122790   -3.4324790090261D-02  -0.10769915797602
     2.0694367630292D-02   0.99191383779064  -0.12521454207806
    0.11112624798789   0.12218325247224   0.98626680458355
 covariance matrix
     2.8344356539309D-07    2.7772714980567D-07   -4.5678119963900D-07
     2.7772714980567D-07    4.2015809928949D-07   -5.3660843051046D-07
    -4.5678119963900D-07   -5.3660843051046D-07    9.4781047030672D-07
 H11.2 matrix: 
     16621121.293930   -2730968.4988300    6464114.0776523
    -2730968.4988300    9043171.6069328    3803700.3902208
     6464114.0776523    3803700.3902208    6323820.7081444
