Results from Hellinger3 using anom26y.tj.19.points
===== Rotation from side 1 to 3
 Fitted rotation--alat,along,rho: 
    -18.731276364973   -149.02122161540    33.786191523204
 conf. level, conf. interval for kappa: 
    0.950000   0.30684042843285   0.59236720351085
 kappahat, degrees of freedom,xchi
    0.43810086343871    72.0000    18.7067
 Number of points, sections
   106  14
 ahat: 
    0.94245528657895   0.24542066257468  -0.22703905210512
   -0.11173712551987   0.87124741262651   0.47795686078574
    0.31510767616791  -0.42508427914122   0.84853432932737
 covariance matrix
     4.9319778922065D-07    1.3634787578635D-06   -2.4287241833121D-07
     1.3634787578635D-06    4.3937794660292D-06   -7.9209402419058D-07
    -2.4287241833121D-07   -7.9209402419058D-07    3.4646588354327D-07
 H11.2 matrix: 
     14277442.978330   -4467612.6861065   -205423.42178716
    -4467612.6861065    1785142.7116789    949418.08885260
    -205423.42178716    949418.08885260    4912855.1821602
