Results from Hellinger3 using anom26y.tj.19.points
===== Rotation from side 1 to 2
 Fitted rotation--alat,along,rho: 
    -15.246872137962   -165.71822842024    37.967273243221
 conf. level, conf. interval for kappa: 
    0.950000   0.30684042843285   0.59236720351085
 kappahat, degrees of freedom,xchi
    0.43810086343871    72.0000    18.7067
 Number of points, sections
   106  14
 ahat: 
    0.97337484541547   0.20888379510536   -9.4387342662004D-02
   -0.11469093475699   0.80035105826695   0.58845915152671
    0.19846259042192  -0.56196596309150   0.80299866533492
 covariance matrix
     5.1082394252035D-07    1.9395328097210D-06   -4.8326314115798D-07
     1.9395328097210D-06    8.9017019822406D-06   -2.2524100911237D-06
    -4.8326314115798D-07   -2.2524100911237D-06    7.6206792700880D-07
 H11.2 matrix: 
     11371483.086413   -2589966.1577799   -443854.49314902
    -2589966.1577799    1035452.5157832    1418021.2501130
    -443854.49314902    1418021.2501130    5221931.9506411
