Results from Hellinger3 using anom22o.tj.28.points
===== Rotation from side 1 to 3
 Fitted rotation--alat,along,rho: 
    -17.217586229553   -136.65400535350    26.874173178312
 conf. level, conf. interval for kappa: 
    0.950000    1.0502141006736    1.7992738217642
 kappahat, degrees of freedom,xchi
     1.3999925193941    107.000    5.76322
 Number of points, sections
   145  16
 ahat: 
    0.94411239170914   0.18298820933043  -0.27416620336449
    -8.4616260995879D-02   0.93842650132086   0.33495640013853
    0.31857790286888  -0.29303756903293   0.90146386668515
 covariance matrix
     4.8693683971961D-07    1.6386134717960D-06   -4.4472442655034D-07
     1.6386134717960D-06    5.9943764673245D-06   -1.5751242283096D-06
    -4.4472442655034D-07   -1.5751242283096D-06    5.8106368251224D-07
 H11.2 matrix: 
     26447925.967549   -6641489.0630166    2238770.7463130
    -6641489.0630166    2247629.1677322   1009635.88160145
     2238770.7463130   1009635.88160145    6171333.8539917
