Results from Hellinger3 using anom24o.tj.25.points
===== Rotation from side 1 to 2
 Fitted rotation--alat,along,rho: 
    -14.468264121773   -160.25340808030    33.676178582140
 conf. level, conf. interval for kappa: 
    0.950000   0.40344905091630   0.71247779090774
 kappahat, degrees of freedom,xchi
    0.54718244245666    96.0000    14.7998
 Number of points, sections
   134  16
 ahat: 
    0.97156432289749   0.18857098701074  -0.14319130326436
    -8.8504933391245D-02   0.85014506606757   0.51905707143472
    0.21961248424932  -0.49162419539601   0.84266007812348
 covariance matrix
     2.7175333036904D-07    9.1337582930324D-07   -2.7214650798201D-07
     9.1337582930324D-07    3.8684319266681D-06   -1.1346320557848D-06
    -2.7214650798201D-07   -1.1346320557848D-06    5.1297870985037D-07
 H11.2 matrix: 
     17858448.218471   -4093058.1141654    421068.89421454
    -4093058.1141654    1674052.1627135    1531295.0792093
     421068.89421454    1531295.0792093    5559780.2757714
