Results from Hellinger1 using swir.28y.chang.points             

Fitted rotation--alat,along,rho: 
    3.8100532452262   -43.668780284656    11.170981791379
conf. level, conf. interval for kappa: 
   0.950000   0.37350508950151   0.88750487440638
kappahat, degrees of freedom,xchi
   0.60338518314356    42.0000    14.0560
Number of points, sections
  61  8
ahat: 
   0.99092297900649   -2.2294948060214D-02  -0.13256917050315
    3.4523699947835D-03   0.99004676502955  -0.14069642566866
   0.13438649790184   0.13896164343268   0.98113706016854
covariance matrix
    6.1650844129110D-07    5.7405467631823D-07   -9.8556196624725D-07
    5.7405467631823D-07    6.4231988481707D-07   -9.6114374030397D-07
   -9.8556196624725D-07   -9.6114374030397D-07    1.8514589961815D-06
H11.2 matrix: 
    15456344.369773   -6729869.6127804    4734003.3534411
   -6729869.6127804    9905538.6069580    1559820.0685047
    4734003.3534411    1559820.0685047    3869848.0295049
