Results from Hellinger1 using swir.31y.chang.points                    

Fitted rotation--alat,along,rho: 
   0.64103972346070   -43.290351211316    11.983222512456
conf. level, conf. interval for kappa: 
   0.950000   0.22521926605195   0.44328687178580
kappahat, degrees of freedom,xchi
   0.32521265015208    68.0000    25.2712
Number of points, sections
  95  12
ahat: 
   0.98975262728095   -1.3197937504676D-02  -0.14218140256757
   -8.5521062548254D-03   0.98845308502743  -0.15128569059356
   0.14253630509125   0.15095136019721   0.97821116768597
covariance matrix
    4.0382275402464D-07    2.6055758665134D-07   -5.8226545539870D-07
    2.6055758665134D-07    2.2849663823466D-07   -3.9603547403638D-07
   -5.8226545539870D-07   -3.9603547403638D-07    1.0149548968036D-06
H11.2 matrix: 
    18267865.892413   -8238806.2543207    7265236.8453090
   -8238806.2543207    17235870.934678    1998949.9502105
    7265236.8453090    1998949.9502105    5933220.8262503
