Results from Hellinger1 using swir.20o.chang.points              

Fitted rotation--alat,along,rho: 
    12.187569693141   -41.441442482372    7.8975490953019
conf. level, conf. interval for kappa: 
   0.950000   0.57659646648275    1.2345205367756
kappahat, degrees of freedom,xchi
   0.87494839036991    54.0000    9.51736
Number of points, sections
  75  9
ahat: 
   0.99560768960362   -3.3503408910922D-02   -8.7423395000911D-02
    2.4511290965760D-02   0.99448493426301   -1.0197505645542D-01
    9.0357761245670D-02    9.9384290082695D-02   0.99093805955137
covariance matrix
    5.2313441837110D-07    4.5216756422926D-07   -4.5094202668439D-07
    4.5216756422926D-07    4.7211520393193D-07   -4.4521342988125D-07
   -4.5094202668439D-07   -4.4521342988125D-07    5.1658456300963D-07
H11.2 matrix: 
    11926509.627006   -8569640.4531118    3025342.8294268
   -8569640.4531118    17468248.907225    7574148.0800876
    3025342.8294268    7574148.0800876    11104409.776902
