Results from Hellinger1 using swir.23o.chang.points              

Fitted rotation--alat,along,rho: 
    7.6136603059915   -39.295064609384    9.6333844503863
conf. level, conf. interval for kappa: 
   0.950000   0.52211298823731    1.2039521850841
kappahat, degrees of freedom,xchi
   0.82827893639304    45.0000   10.18336
Number of points, sections
  66  9
ahat: 
   0.99419589873956   -2.8961743625298D-02   -1.0361337913422D-01
    1.5381771554813D-02   0.99145526132737  -0.12953712166829
   0.10647965079425   0.12719151776928   0.98614623751971
covariance matrix
    4.9853838125443D-07    3.1189984491931D-07   -5.8445427599596D-07
    3.1189984491931D-07    3.2083421537660D-07   -4.4490257105686D-07
   -5.8445427599596D-07   -4.4490257105686D-07    9.5621137553576D-07
H11.2 matrix: 
    7856924.0140492   -2758622.1738832    3518777.1496298
   -2758622.1738832    9753482.1894994    2851943.4585834
    3518777.1496298    2851943.4585834    4523478.2175511
