Results from Hellinger1 using swir.32y.chang.points                    

Fitted rotation--alat,along,rho: 
   -3.2700032006818   -41.142066489245    12.827293927754
conf. level, conf. interval for kappa: 
   0.950000   0.77742069194251    1.6198598375220
kappahat, degrees of freedom,xchi
    1.1608225583101    58.0000    7.14206
Number of points, sections
  83  11
ahat: 
   0.98915112483123    3.3898177080759D-04  -0.14690111414304
   -2.4988858554232D-02   0.98581137934817  -0.16598638888723
   0.14476052360109   0.16785651443726   0.97512490552119
covariance matrix
    7.4349742188170D-07    3.1503853717487D-07   -1.0991392795239D-06
    3.1503853717487D-07    1.8224813878766D-07   -4.8159582773887D-07
   -1.0991392795239D-06   -4.8159582773887D-07    1.8580389821797D-06
H11.2 matrix: 
    12909080.061827   -6777381.8837989    5879811.0400391
   -6777381.8837989    20973556.123663    1427037.0571426
    5879811.0400391    1427037.0571426    4386337.6609426
