Results from Hellinger1 using swir.22o.chang.points              

Fitted rotation--alat,along,rho: 
    8.0217053750094   -39.666739963493    9.1912137197402
conf. level, conf. interval for kappa: 
   0.950000   0.82752462310208    1.8572213266891
kappahat, degrees of freedom,xchi
    1.2915567685406    48.0000    6.49933
Number of points, sections
  69  9
ahat: 
   0.99462045468375   -2.8475849889456D-02   -9.9595567661282D-02
    1.6104175771538D-02   0.99229028907008  -0.12288465217402
    1.0232695953374D-01   0.12061968409129   0.98741079858502
covariance matrix
    2.2186894283408D-07    1.3043206665956D-07   -3.2839136808480D-07
    1.3043206665956D-07    1.6282068994580D-07   -2.7823743259101D-07
   -3.2839136808480D-07   -2.7823743259101D-07    6.8908130057124D-07
H11.2 matrix: 
    15319452.227482    657373.74531389    7566134.5825509
    657373.74531389    19840426.533717    8324453.4412172
    7566134.5825509    8324453.4412172    8418205.2757439
