Results from Hellinger1 using swir.24o.chang.points             

Fitted rotation--alat,along,rho: 
    7.6023737788082   -39.565136226859    9.9747452917305
conf. level, conf. interval for kappa: 
   0.950000   0.37892522672701   0.73496246010210
kappahat, degrees of freedom,xchi
   0.54249926033073    71.0000    15.1170
Number of points, sections
  104  15
ahat: 
   0.99371011353799   -3.0208173435265D-02  -0.10783170456786
    1.5623390820891D-02   0.99090951796892  -0.13361974726010
   0.11088787089472   0.13109459735741   0.98514876370634
covariance matrix
    1.9448028276668D-07    1.5630642611733D-07   -1.5527337068368D-07
    1.5630642611733D-07    1.7655098989377D-07   -1.8767686564422D-07
   -1.5527337068368D-07   -1.8767686564422D-07    2.9281102496212D-07
H11.2 matrix: 
    18238973.233480   -18408984.995187   -2127357.5743843
   -18408984.995187    36355283.343646    13539860.655821
   -2127357.5743843    13539860.655821    10965422.590680
