Results from Hellinger1 using swir.34y.chang.points                          

Fitted rotation--alat,along,rho: 
   -1.3517808630488   -39.522840921400    17.818236955243
conf. level, conf. interval for kappa: 
   0.950000   0.37028995426633   0.64820995996983
kappahat, degrees of freedom,xchi
   0.49970244585029    99.0000    16.1885
Number of points, sections
  122  10
ahat: 
   0.98055772376299   -1.6315104363899D-02  -0.19555144524738
   -3.0752619320789D-02   0.97144762399501  -0.23525260942095
   0.19380615772894   0.23669248235643   0.95205873874583
covariance matrix
    5.9728794464599D-07    3.1857236243603D-07   -1.0066815587728D-06
    3.1857236243603D-07    2.0833240527587D-07   -5.6319000958162D-07
   -1.0066815587728D-06   -5.6319000958162D-07    1.8208040548992D-06
H11.2 matrix: 
    25511011.571391   -5379255.4736070    12440614.843694
   -5379255.4736070    30431433.273006    6438629.0660183
    12440614.843694    6438629.0660183    9418865.8368705
