Results from Hellinger1 using swir.21o.chang.points              

 Fitted rotation--alat,along,rho: 
  10.0018734 -40.6568221  8.83107611
 conf. level, conf. interval for kappa: 
  0.949999988  0.814954255  1.60402974
 kappahat, degrees of freedom,xchi
  1.17677996  68.  6.9838891
 Number of points, sections
 95 12
 ahat: 
  0.994762012 -0.0323463603 -0.0969652123
  0.0209810905  0.993025651 -0.116016595
  0.100041658  0.113374466  0.988502856
 covariance matrix
  2.33177704E-07  1.85448707E-07 -2.59010672E-07
  1.85448707E-07  2.21250236E-07 -2.62641035E-07
 -2.59010672E-07 -2.62641035E-07  4.27160744E-07
 H11.2 matrix: 
  15469346.7 -6780318.37  5211003.32
 -6780318.37  19704164.7  8003889.51
  5211003.32  8003889.51  10421967.3
