Results from Hellinger1 using swir.26y.chang.points              

Fitted rotation--alat,along,rho: 
    6.6926271552714   -42.740029019488   10.5799605593185
conf. level, conf. interval for kappa: 
   0.950000   0.87179352953049    2.3217620921599
kappahat, degrees of freedom,xchi
    1.5104579297754    33.0000    5.74311
Number of points, sections
  46  5
ahat: 
   0.99204512970059   -2.9756821177852D-02  -0.12231513492094
    1.3039505011724D-02   0.99072359367454  -0.13526541407782
   0.12520555876792   0.13259446643802   0.98323053020318
covariance matrix
    1.9800974543241D-06    1.9856565035693D-06   -2.0787334692268D-06
    1.9856565035693D-06    2.0960233483803D-06   -2.0882849778593D-06
   -2.0787334692268D-06   -2.0882849778593D-06    2.5788306986973D-06
H11.2 matrix: 
    12696427.335064   -9478769.3805848    2558569.1756615
   -9478769.3805848    9545867.2826054    89442.121390770
    2558569.1756615    89442.121390770    2522602.2090377
