Results from Hellinger1 using swir.33o.chang.points                    

Fitted rotation--alat,along,rho: 
   -3.2652274034714   -39.791099022299    15.984141634767
conf. level, conf. interval for kappa: 
   0.950000   0.79296265041268    1.5453967826479
kappahat, degrees of freedom,xchi
    1.1384360288724    70.0000    7.20869
Number of points, sections
  91  9
ahat: 
   0.98409044801419   -3.2660464418980D-03  -0.17763818020872
   -3.4635311562109D-02   0.97712207368905  -0.20984005409502
   0.17425953437394   0.21265414656255   0.96146337872512
covariance matrix
    7.9894410519510D-07    3.6815614954696D-07   -1.3281786655043D-06
    3.6815614954696D-07    2.2067632696202D-07   -6.4124894486693D-07
   -1.3281786655043D-06   -6.4124894486693D-07    2.3631113070344D-06
H11.2 matrix: 
    19546263.908258   -3243597.6905608   10105735.1998327
   -3243597.6905608    21966054.475065    4137609.5886120
   10105735.1998327    4137609.5886120    7225838.0821053
