Results from Hellinger1 using swir.33y.chang.points                    

Fitted rotation--alat,along,rho: 
   -5.3753783610471   -39.543468324126    13.913699827069
conf. level, conf. interval for kappa: 
   0.950000   0.59689462450744    1.3636143716840
kappahat, degrees of freedom,xchi
   0.94160159753322    46.0000    8.94284
Number of points, sections
  67  9
ahat: 
   0.98795379129022    8.2476568010852D-03  -0.15452922840866
   -3.6805187524555D-02   0.98244772484901  -0.18287111885227
   0.15030863064564   0.18635569241719   0.97091651106423
covariance matrix
    1.2380046543767D-06    5.2180618561796D-07   -1.9640039685318D-06
    5.2180618561796D-07    3.2091472449891D-07   -9.1510332306117D-07
   -1.9640039685318D-06   -9.1510332306117D-07    3.3896284464470D-06
H11.2 matrix: 
   10093844.4898157    1150519.3840245    6159139.5862844
    1150519.3840245    13669746.132265    4357071.8680437
    6159139.5862844    4357071.8680437    5040005.3591047
