Results from Hellinger1 using C27.hell 
# Whittaker et al. 2013 Gcubed C27.hell  
 Fitted rotation--alat,along,rho: 
  9.03852402  35.5136884  25.4184717
 conf. level, conf. interval for kappa: 
  0.949999988  0.142415008  0.24790531
 kappahat, degrees of freedom,xchi
  0.19157229  101.  42.1973839
 Number of points, sections, misfit, reduced misfit
 110 3  527.216124  2.28472353
 ahat: 
  0.965751692 -0.0227884154  0.258465388
  0.11207323  0.935056176 -0.336317616
 -0.234015512  0.353766357  0.905586056
 covariance matrix
  3.4492046E-07 -2.55335949E-07  3.70211637E-07
 -2.55335949E-07  6.17091173E-07 -1.23008198E-06
  3.70211637E-07 -1.23008198E-06  4.54041968E-06
 H11.2 matrix: 
  4346896.12  2374361.65  288825.274
  2374361.65  4820039.57  1112238.05
  288825.274  1112238.05  498019.492
